1 0.825000 0.423000 0.058000 0.078000
1 0.931000 0.750000 0.134000 0.188000
1 0.944000 0.930000 0.084000 0.068000
1 0.652000 0.783000 0.148000 0.082000
1 0.421000 0.924000 0.110000 0.084000
1 0.535000 0.779000 0.046000 0.062000
1 0.559000 0.537000 0.114000 0.094000
1 0.658000 0.419000 0.092000 0.082000
1 0.775000 0.442000 0.082000 0.096000
1 0.852000 0.148000 0.172000 0.128000
1 0.668000 0.496000 0.096000 0.096000
1 0.908000 0.247000 0.056000 0.122000
1 0.784000 0.047000 0.112000 0.082000
1 0.928000 0.374000 0.140000 0.116000
1 0.312000 0.591000 0.068000 0.058000