1 0.450000 0.889500 0.034000 0.039000
1 0.663000 0.143500 0.046000 0.049000
1 0.977000 0.707500 0.044000 0.063000
1 0.639500 0.578000 0.067000 0.048000
1 0.015000 0.935500 0.028000 0.027000
1 0.576000 0.250000 0.048000 0.054000
1 0.984000 0.520000 0.030000 0.098000
1 0.056500 0.373500 0.049000 0.085000
1 0.773500 0.976500 0.089000 0.045000
1 0.548500 0.415000 0.059000 0.068000
1 0.204000 0.773000 0.050000 0.048000
1 0.439000 0.754500 0.048000 0.043000
1 0.402500 0.492000 0.063000 0.050000
1 0.757500 0.738000 0.047000 0.044000
1 0.332000 0.068500 0.064000 0.047000
1 0.300500 0.687000 0.039000 0.050000
1 0.387500 0.144500 0.061000 0.047000
1 0.015500 0.879500 0.031000 0.069000
1 0.064500 0.762500 0.059000 0.041000
1 0.321000 0.586500 0.072000 0.063000
1 0.774000 0.177500 0.062000 0.043000
1 0.621000 0.323000 0.046000 0.052000
1 0.339000 0.287000 0.062000 0.024000
1 0.125000 0.876000 0.054000 0.036000
1 0.915000 0.040500 0.046000 0.063000
1 0.193000 0.240500 0.052000 0.063000
1 0.584500 0.539000 0.051000 0.052000
1 0.510000 0.729500 0.064000 0.045000
1 0.941000 0.170500 0.040000 0.031000
1 0.940500 0.575000 0.053000 0.036000
1 0.176500 0.556000 0.025000 0.034000
1 0.175000 0.426000 0.078000 0.068000
1 0.825500 0.030500 0.061000 0.053000
1 0.880000 0.147500 0.032000 0.045000
1 0.529500 0.078500 0.059000 0.057000
1 0.519500 0.858500 0.053000 0.059000
1 0.065000 0.440500 0.078000 0.029000
1 0.839500 0.441500 0.045000 0.053000
1 0.793000 0.422000 0.060000 0.044000
1 0.797500 0.121500 0.067000 0.055000
1 0.566500 0.681000 0.033000 0.036000
1 0.062000 0.499000 0.040000 0.048000
1 0.652000 0.177500 0.052000 0.029000
1 0.155500 0.510500 0.053000 0.049000
1 0.594000 0.171500 0.068000 0.059000
1 0.387500 0.576500 0.057000 0.059000
1 0.116500 0.383000 0.055000 0.094000
1 0.512000 0.616000 0.058000 0.046000
1 0.700500 0.977000 0.045000 0.044000
1 0.769000 0.249000 0.048000 0.052000
1 0.887000 0.372000 0.030000 0.060000
1 0.961000 0.022500 0.044000 0.045000
1 0.967000 0.392000 0.064000 0.068000
1 0.708000 0.300000 0.060000 0.062000
1 0.203500 0.885000 0.055000 0.038000
1 0.373000 0.702500 0.058000 0.047000
1 0.015500 0.615500 0.031000 0.121000
1 0.974500 0.598000 0.045000 0.064000
1 0.438000 0.023000 0.042000 0.044000
1 0.829000 0.249500 0.060000 0.067000
1 0.330500 0.347500 0.069000 0.063000
1 0.704000 0.740000 0.046000 0.048000
1 0.697500 0.860000 0.053000 0.046000
1 0.522500 0.185000 0.041000 0.050000
1 0.588000 0.219500 0.054000 0.035000
1 0.527000 0.009000 0.048000 0.018000
1 0.571000 0.901000 0.034000 0.024000
1 0.529000 0.556000 0.046000 0.058000
1 0.473000 0.436500 0.054000 0.059000
1 0.842000 0.135500 0.042000 0.039000
1 0.904000 0.244000 0.046000 0.042000
1 0.971500 0.065500 0.053000 0.031000
1 0.673500 0.390500 0.055000 0.039000
1 0.438000 0.215000 0.058000 0.050000
1 0.880000 0.101500 0.048000 0.047000
1 0.937000 0.866000 0.050000 0.042000
1 0.301000 0.751500 0.036000 0.051000
1 0.346000 0.878500 0.044000 0.055000
1 0.291500 0.840500 0.027000 0.023000
1 0.651500 0.257500 0.059000 0.083000
1 0.894500 0.871000 0.035000 0.048000
1 0.045500 0.194500 0.075000 0.061000
1 0.639000 0.905000 0.036000 0.056000
1 0.138500 0.599500 0.065000 0.059000
1 0.544500 0.044000 0.029000 0.014000
1 0.705000 0.011000 0.054000 0.022000
1 0.898500 0.731000 0.065000 0.070000
1 0.642500 0.735000 0.053000 0.038000
1 0.120000 0.209000 0.060000 0.072000
1 0.450500 0.561000 0.049000 0.052000
1 0.015000 0.409000 0.030000 0.034000
1 0.196000 0.922500 0.076000 0.051000
1 0.623000 0.113000 0.046000 0.026000
1 0.598500 0.453000 0.047000 0.042000
1 0.972500 0.943000 0.041000 0.034000
1 0.380500 0.666000 0.061000 0.028000
1 0.450000 0.844500 0.038000 0.043000
1 0.351500 0.500500 0.031000 0.021000
1 0.708500 0.177500 0.059000 0.043000
1 0.983000 0.869500 0.032000 0.039000
1 0.922000 0.198000 0.048000 0.036000
1 0.288000 0.975500 0.040000 0.039000
1 0.489000 0.356500 0.058000 0.053000
1 0.788500 0.153500 0.043000 0.023000
1 0.582000 0.737000 0.040000 0.038000
1 0.580000 0.015500 0.032000 0.029000
1 0.938000 0.621500 0.044000 0.023000
1 0.302500 0.928500 0.061000 0.053000
1 0.317500 0.405500 0.099000 0.057000
1 0.280500 0.237000 0.047000 0.040000
1 0.771000 0.464500 0.048000 0.045000
1 0.635500 0.071000 0.053000 0.058000
1 0.205000 0.688500 0.052000 0.031000
1 0.394500 0.912500 0.065000 0.055000
1 0.225000 0.076500 0.050000 0.045000
1 0.213000 0.128000 0.056000 0.058000
1 0.894500 0.295500 0.047000 0.055000
1 0.923500 0.507000 0.047000 0.060000
1 0.374000 0.076500 0.032000 0.055000
1 0.418500 0.310000 0.041000 0.038000
1 0.059000 0.867000 0.044000 0.040000
1 0.353500 0.253000 0.053000 0.034000
1 0.507000 0.247000 0.062000 0.072000
1 0.960500 0.104500 0.065000 0.045000
1 0.761000 0.866500 0.050000 0.033000
1 0.762000 0.552000 0.070000 0.086000
1 0.207000 0.183000 0.058000 0.042000
1 0.852000 0.365500 0.048000 0.051000