1 0.101000 0.695000 0.046000 0.038000
1 0.842000 0.628000 0.076000 0.084000
1 0.540000 0.581000 0.040000 0.042000
1 0.428000 0.818000 0.044000 0.052000
2 0.555000 0.694000 0.042000 0.044000
1 0.381000 0.646000 0.046000 0.040000
1 0.574000 0.444000 0.032000 0.028000
1 0.593000 0.390000 0.026000 0.036000
1 0.034000 0.687000 0.048000 0.042000
1 0.259000 0.760000 0.038000 0.040000
1 0.516000 0.430000 0.048000 0.036000
1 0.340000 0.926000 0.084000 0.100000
2 0.136000 0.721000 0.032000 0.038000
1 0.524000 0.728000 0.056000 0.064000
1 0.469000 0.263000 0.066000 0.070000
1 0.474000 0.536000 0.040000 0.044000
2 0.203000 0.559000 0.042000 0.042000
1 0.275000 0.351000 0.058000 0.058000
1 0.293000 0.747000 0.034000 0.038000
1 0.315000 0.696000 0.038000 0.044000
1 0.508000 0.594000 0.056000 0.060000
1 0.723000 0.488000 0.074000 0.104000
1 0.543000 0.336000 0.070000 0.056000
1 0.395000 0.733000 0.034000 0.038000
1 0.478000 0.721000 0.040000 0.034000
1 0.206000 0.645000 0.052000 0.058000
1 0.449000 0.663000 0.042000 0.034000
1 0.342000 0.707000 0.044000 0.050000
1 0.628000 0.582000 0.064000 0.068000
1 0.413000 0.382000 0.082000 0.068000
1 0.465000 0.637000 0.038000 0.038000
1 0.355000 0.279000 0.070000 0.054000
1 0.558000 0.401000 0.032000 0.050000
1 0.438000 0.718000 0.052000 0.060000
1 0.345000 0.434000 0.062000 0.064000
1 0.760000 0.402000 0.032000 0.032000
1 0.477000 0.608000 0.038000 0.044000