1 0.035000 0.724000 0.046000 0.048000
1 0.394000 0.804000 0.072000 0.092000
1 0.226000 0.232000 0.072000 0.052000
1 0.766000 0.511000 0.084000 0.078000
1 0.968000 0.308000 0.060000 0.096000
1 0.400000 0.212000 0.076000 0.060000
1 0.876000 0.402000 0.088000 0.120000
1 0.126000 0.760000 0.056000 0.044000
1 0.385000 0.526000 0.090000 0.076000
1 0.189000 0.634000 0.058000 0.056000
1 0.396000 0.341000 0.060000 0.086000
1 0.417000 0.135000 0.082000 0.066000
1 0.487000 0.951000 0.098000 0.066000
1 0.858000 0.856000 0.124000 0.096000
1 0.094000 0.490000 0.080000 0.088000