1 0.511000 0.823000 0.062000 0.048000
1 0.479000 0.096500 0.038000 0.051000
1 0.242500 0.860500 0.107000 0.103000
1 0.683500 0.036500 0.061000 0.047000
1 0.164500 0.693500 0.055000 0.051000
1 0.579500 0.575500 0.101000 0.095000
1 0.441500 0.820500 0.059000 0.045000
1 0.118000 0.176500 0.058000 0.047000
1 0.189000 0.332500 0.060000 0.045000
1 0.155500 0.923500 0.071000 0.065000
1 0.107500 0.120000 0.061000 0.062000
1 0.381000 0.814500 0.058000 0.041000
1 0.444500 0.204500 0.061000 0.081000
1 0.358000 0.283000 0.074000 0.060000
1 0.477000 0.536000 0.050000 0.056000
1 0.410500 0.923000 0.119000 0.064000
1 0.319000 0.182000 0.056000 0.060000
1 0.373500 0.024500 0.039000 0.049000
1 0.593000 0.510500 0.052000 0.047000
1 0.893000 0.205500 0.052000 0.055000
1 0.882000 0.291500 0.050000 0.055000
1 0.578500 0.375000 0.077000 0.084000
1 0.746000 0.391000 0.088000 0.088000
1 0.497000 0.761500 0.072000 0.067000
1 0.627500 0.273000 0.059000 0.072000
1 0.708000 0.293000 0.076000 0.096000
1 0.243500 0.165500 0.053000 0.039000
1 0.517500 0.217000 0.063000 0.066000
1 0.050000 0.807500 0.054000 0.043000
1 0.387500 0.540000 0.067000 0.064000
1 0.100500 0.305500 0.055000 0.069000
1 0.383500 0.108000 0.057000 0.052000
1 0.181500 0.276000 0.051000 0.046000
1 0.930500 0.861000 0.091000 0.096000
1 0.534500 0.474500 0.069000 0.061000
1 0.248000 0.314000 0.052000 0.066000
1 0.864000 0.171000 0.032000 0.036000
1 0.441000 0.772000 0.040000 0.046000
1 0.911500 0.932000 0.039000 0.044000
1 0.193500 0.199500 0.063000 0.051000
1 0.773500 0.021000 0.055000 0.040000
1 0.295500 0.685500 0.047000 0.045000
1 0.034500 0.919500 0.057000 0.051000
1 0.275500 0.041500 0.069000 0.079000
1 0.267000 0.406500 0.064000 0.081000
1 0.196000 0.755500 0.056000 0.061000
1 0.355000 0.641500 0.070000 0.071000