1 0.058000 0.183000 0.038000 0.060000
1 0.594500 0.438000 0.039000 0.052000
1 0.055000 0.269500 0.068000 0.061000
1 0.872000 0.390500 0.118000 0.129000
1 0.671500 0.220000 0.059000 0.078000
1 0.678500 0.167500 0.061000 0.075000
1 0.573500 0.254500 0.071000 0.087000
1 0.643000 0.334000 0.064000 0.068000
1 0.692000 0.113000 0.058000 0.084000
1 0.294000 0.294500 0.050000 0.051000
1 0.663000 0.276500 0.064000 0.079000
1 0.172000 0.351000 0.052000 0.050000
1 0.896500 0.272500 0.145000 0.089000
1 0.705000 0.055500 0.078000 0.073000
1 0.121000 0.425000 0.062000 0.052000
1 0.754500 0.397500 0.083000 0.109000