1 0.127500 0.701000 0.045000 0.040000
1 0.180500 0.961000 0.043000 0.032000
1 0.605000 0.971000 0.040000 0.046000
2 0.675000 0.859000 0.032000 0.036000
2 0.093500 0.043000 0.023000 0.026000
1 0.567500 0.856000 0.035000 0.046000
1 0.679000 0.504000 0.042000 0.040000
1 0.259500 0.914500 0.047000 0.029000
1 0.922500 0.716000 0.037000 0.040000
1 0.514000 0.795500 0.042000 0.045000
2 0.765500 0.334000 0.023000 0.034000
1 0.797000 0.821500 0.042000 0.055000
2 0.423000 0.757000 0.028000 0.026000
2 0.473000 0.770000 0.026000 0.028000
1 0.381000 0.835000 0.034000 0.052000
1 0.700500 0.445000 0.033000 0.042000
1 0.547000 0.926000 0.048000 0.048000
1 0.752500 0.710000 0.033000 0.042000
2 0.212000 0.568500 0.048000 0.047000
1 0.032000 0.488000 0.050000 0.042000
1 0.571500 0.734500 0.039000 0.041000
1 0.763000 0.881500 0.052000 0.053000
1 0.063000 0.780500 0.044000 0.053000
1 0.227500 0.613000 0.041000 0.040000
1 0.042000 0.924500 0.036000 0.045000
2 0.340500 0.177500 0.029000 0.041000
1 0.561500 0.675500 0.047000 0.031000
2 0.514000 0.133000 0.034000 0.038000
2 0.859000 0.349000 0.030000 0.038000
2 0.131000 0.814500 0.034000 0.033000
2 0.071000 0.722500 0.034000 0.037000
1 0.692500 0.701500 0.029000 0.045000
2 0.861500 0.466000 0.033000 0.028000
1 0.189000 0.744500 0.038000 0.041000
1 0.924500 0.638500 0.061000 0.067000
1 0.444000 0.833000 0.038000 0.038000
1 0.013000 0.660500 0.026000 0.031000
1 0.065000 0.610000 0.050000 0.042000