1 0.571000 0.252000 0.058000 0.052000
1 0.014000 0.898000 0.028000 0.040000
1 0.781000 0.594000 0.062000 0.052000
1 0.014000 0.843000 0.028000 0.038000
1 0.467000 0.630000 0.114000 0.080000
1 0.400000 0.209000 0.040000 0.046000
2 0.531000 0.040000 0.070000 0.080000
1 0.669000 0.434000 0.070000 0.088000
1 0.885000 0.653000 0.118000 0.030000
1 0.401000 0.805000 0.074000 0.066000
1 0.421000 0.257000 0.030000 0.042000
1 0.606000 0.665000 0.028000 0.058000
1 0.427000 0.346000 0.098000 0.084000
1 0.571000 0.377000 0.050000 0.050000
1 0.794000 0.819000 0.068000 0.038000
1 0.635000 0.356000 0.062000 0.072000
1 0.544000 0.966000 0.044000 0.036000
1 0.383000 0.956000 0.098000 0.036000
1 0.581000 0.704000 0.054000 0.044000
1 0.882000 0.588000 0.120000 0.064000
1 0.343000 0.237000 0.050000 0.046000
1 0.550000 0.132000 0.048000 0.068000
1 0.395000 0.139000 0.062000 0.070000
1 0.531000 0.469000 0.114000 0.078000
1 0.030000 0.519000 0.056000 0.066000
1 0.890000 0.951000 0.092000 0.082000
1 0.750000 0.092000 0.092000 0.076000
1 0.940000 0.733000 0.060000 0.050000
1 0.742000 0.321000 0.052000 0.094000
1 0.916000 0.306000 0.052000 0.076000
1 0.345000 0.791000 0.046000 0.078000
1 0.772000 0.869000 0.056000 0.066000
1 0.693000 0.320000 0.034000 0.068000
1 0.075000 0.462000 0.058000 0.056000
1 0.564000 0.646000 0.048000 0.048000
1 0.596000 0.186000 0.060000 0.064000
1 0.090000 0.968000 0.032000 0.048000
1 0.475000 0.876000 0.062000 0.056000
2 0.124000 0.368000 0.036000 0.040000
1 0.061000 0.337000 0.038000 0.066000
1 0.068000 0.893000 0.072000 0.038000
1 0.417000 0.417000 0.058000 0.050000
1 0.689000 0.239000 0.026000 0.062000
1 0.618000 0.248000 0.044000 0.048000
1 0.029000 0.642000 0.038000 0.044000
1 0.904000 0.505000 0.080000 0.046000
1 0.471000 0.397000 0.054000 0.046000
1 0.409000 0.716000 0.042000 0.064000
1 0.524000 0.303000 0.048000 0.066000
2 0.336000 0.194000 0.032000 0.040000
2 0.284000 0.056000 0.044000 0.036000
1 0.656000 0.779000 0.044000 0.038000
1 0.611000 0.548000 0.030000 0.084000
1 0.857000 0.380000 0.070000 0.052000
2 0.021000 0.462000 0.042000 0.044000
2 0.162000 0.434000 0.060000 0.052000
1 0.742000 0.802000 0.040000 0.040000
1 0.808000 0.763000 0.084000 0.042000
1 0.610000 0.945000 0.044000 0.054000
2 0.462000 0.066000 0.052000 0.040000
1 0.360000 0.718000 0.032000 0.064000
1 0.032000 0.962000 0.052000 0.052000
1 0.560000 0.813000 0.040000 0.058000
1 0.467000 0.132000 0.054000 0.048000
1 0.071000 0.833000 0.066000 0.050000
1 0.618000 0.298000 0.044000 0.040000
1 0.033000 0.736000 0.046000 0.036000
1 0.471000 0.253000 0.046000 0.050000
1 0.539000 0.197000 0.022000 0.054000
1 0.739000 0.239000 0.066000 0.046000
1 0.886000 0.732000 0.032000 0.040000
1 0.330000 0.035000 0.032000 0.030000
1 0.463000 0.733000 0.074000 0.086000
1 0.931000 0.204000 0.050000 0.056000
1 0.662000 0.552000 0.060000 0.068000
1 0.342000 0.914000 0.032000 0.036000
1 0.410000 0.889000 0.048000 0.050000
1 0.462000 0.820000 0.040000 0.052000
1 0.755000 0.474000 0.050000 0.048000
1 0.610000 0.804000 0.040000 0.048000
1 0.449000 0.460000 0.102000 0.076000
1 0.770000 0.169000 0.060000 0.050000