1 0.967500 0.026500 0.063000 0.047000
1 0.683000 0.581000 0.050000 0.042000
2 0.418500 0.272000 0.019000 0.028000
1 0.440500 0.311500 0.047000 0.033000
2 0.403500 0.198500 0.025000 0.021000
1 0.263500 0.239000 0.057000 0.040000
1 0.566500 0.294500 0.067000 0.049000
1 0.711000 0.640500 0.040000 0.049000
1 0.469500 0.663500 0.039000 0.051000
1 0.429500 0.065000 0.055000 0.034000
1 0.921500 0.449500 0.035000 0.017000
1 0.321500 0.787500 0.047000 0.029000
2 0.279000 0.796500 0.022000 0.031000
2 0.701500 0.020500 0.023000 0.021000