2 0.090000 0.745000 0.052000 0.042000
1 0.131000 0.375000 0.098000 0.110000
1 0.059000 0.027000 0.082000 0.050000
1 0.045000 0.076000 0.074000 0.064000
1 0.378000 0.625000 0.096000 0.090000
1 0.227000 0.209000 0.074000 0.102000
1 0.345000 0.731000 0.090000 0.074000
1 0.776000 0.616000 0.100000 0.156000
1 0.219000 0.535000 0.070000 0.062000
1 0.461000 0.482000 0.062000 0.088000
1 0.548000 0.227000 0.064000 0.078000
1 0.634000 0.477000 0.108000 0.094000
1 0.259000 0.404000 0.106000 0.116000
1 0.512000 0.487000 0.044000 0.066000
2 0.093000 0.859000 0.054000 0.062000
1 0.074000 0.644000 0.068000 0.068000
1 0.151000 0.984000 0.054000 0.028000
1 0.752000 0.489000 0.068000 0.066000
1 0.487000 0.605000 0.070000 0.062000
1 0.226000 0.950000 0.064000 0.060000
1 0.535000 0.031000 0.090000 0.062000
1 0.186000 0.057000 0.092000 0.090000
1 0.566000 0.193000 0.100000 0.102000
1 0.312000 0.186000 0.088000 0.088000
1 0.156000 0.943000 0.052000 0.042000
1 0.808000 0.442000 0.132000 0.120000
1 0.603000 0.938000 0.126000 0.112000
1 0.263000 0.492000 0.038000 0.052000
1 0.324000 0.059000 0.120000 0.098000
1 0.138000 0.182000 0.060000 0.064000
1 0.039000 0.750000 0.070000 0.076000
1 0.207000 0.794000 0.070000 0.096000
1 0.652000 0.673000 0.096000 0.082000
1 0.418000 0.742000 0.076000 0.084000
1 0.448000 0.142000 0.088000 0.076000
1 0.927000 0.579000 0.094000 0.086000
1 0.395000 0.473000 0.070000 0.102000
1 0.210000 0.467000 0.044000 0.058000
1 0.097000 0.562000 0.082000 0.072000
1 0.664000 0.232000 0.064000 0.084000
1 0.687000 0.771000 0.074000 0.082000
1 0.910000 0.885000 0.096000 0.090000
1 0.783000 0.810000 0.102000 0.124000
1 0.341000 0.964000 0.054000 0.060000
1 0.283000 0.261000 0.094000 0.078000
1 0.904000 0.698000 0.124000 0.092000
1 0.017000 0.904000 0.034000 0.048000