1 0.338000 0.304000 0.064000 0.066000
1 0.073500 0.728500 0.067000 0.069000
1 0.081000 0.913500 0.060000 0.071000
1 0.451500 0.446500 0.061000 0.059000
1 0.016000 0.648500 0.032000 0.063000
1 0.212000 0.930000 0.056000 0.046000
1 0.348500 0.895500 0.047000 0.045000
1 0.978000 0.926500 0.042000 0.055000
1 0.327000 0.014000 0.036000 0.028000
1 0.274500 0.827500 0.055000 0.073000
1 0.489000 0.638000 0.030000 0.046000
1 0.487500 0.465000 0.037000 0.040000
1 0.620500 0.799500 0.035000 0.025000
1 0.401500 0.390000 0.065000 0.066000
1 0.979000 0.972000 0.040000 0.022000
1 0.026500 0.968500 0.053000 0.061000
1 0.331000 0.664500 0.066000 0.067000
1 0.482000 0.225000 0.048000 0.042000
1 0.638500 0.849500 0.049000 0.049000
1 0.176000 0.672000 0.074000 0.066000