1 0.284500 0.123500 0.093000 0.059000
1 0.460000 0.396000 0.078000 0.092000
1 0.377500 0.612500 0.065000 0.055000
1 0.278500 0.573000 0.091000 0.068000
1 0.162000 0.278000 0.074000 0.058000
1 0.685500 0.261000 0.067000 0.050000
1 0.697500 0.898500 0.099000 0.115000
1 0.837000 0.777000 0.062000 0.050000
1 0.960000 0.565000 0.038000 0.034000
1 0.246500 0.267500 0.079000 0.055000
1 0.830000 0.966000 0.080000 0.066000
1 0.948500 0.812500 0.077000 0.053000
1 0.699000 0.455000 0.094000 0.076000
1 0.096000 0.106500 0.058000 0.057000
1 0.213000 0.880500 0.080000 0.055000
1 0.352500 0.787500 0.073000 0.063000
1 0.574500 0.171000 0.077000 0.064000
1 0.193500 0.145500 0.041000 0.067000
1 0.236000 0.322500 0.062000 0.069000
1 0.936000 0.729500 0.066000 0.055000