1 0.507000 0.090000 0.070000 0.068000
1 0.779000 0.451000 0.054000 0.054000
1 0.754000 0.798000 0.116000 0.068000
1 0.654000 0.595000 0.096000 0.082000
1 0.433000 0.106000 0.086000 0.072000
1 0.746000 0.879000 0.124000 0.074000
1 0.954000 0.183000 0.088000 0.082000
1 0.537000 0.205000 0.126000 0.062000
1 0.964000 0.418000 0.068000 0.060000
1 0.251000 0.308000 0.126000 0.084000
1 0.108000 0.924000 0.216000 0.124000
1 0.901000 0.560000 0.118000 0.096000
1 0.155000 0.098000 0.090000 0.100000
1 0.740000 0.149000 0.168000 0.082000