1 0.855000 0.304500 0.044000 0.031000
1 0.799500 0.688000 0.049000 0.034000
1 0.382000 0.427000 0.036000 0.016000
1 0.620500 0.311000 0.033000 0.024000
1 0.355000 0.804000 0.030000 0.048000
1 0.783500 0.536500 0.047000 0.043000
1 0.781000 0.889000 0.048000 0.040000
1 0.443500 0.405500 0.047000 0.021000
1 0.927500 0.983500 0.043000 0.031000
1 0.886000 0.754500 0.042000 0.037000
1 0.542000 0.927000 0.048000 0.058000
1 0.389500 0.461500 0.033000 0.043000
1 0.643000 0.655500 0.050000 0.045000
1 0.593500 0.346500 0.031000 0.043000
1 0.572000 0.678500 0.048000 0.043000
1 0.024500 0.413000 0.049000 0.046000
1 0.652000 0.533000 0.054000 0.054000
1 0.404000 0.545000 0.050000 0.072000
1 0.022000 0.799000 0.044000 0.042000
1 0.197000 0.735500 0.036000 0.031000
1 0.408000 0.770500 0.034000 0.045000
1 0.338500 0.890500 0.061000 0.049000
1 0.791500 0.286500 0.057000 0.039000
1 0.944500 0.700500 0.053000 0.077000
1 0.981000 0.893500 0.036000 0.041000
1 0.325500 0.668500 0.065000 0.049000
1 0.662000 0.321000 0.040000 0.046000
1 0.728500 0.560500 0.033000 0.015000
1 0.446000 0.455000 0.048000 0.046000
1 0.160500 0.866000 0.045000 0.044000
1 0.331000 0.622000 0.044000 0.026000
1 0.201000 0.422000 0.050000 0.046000
1 0.799500 0.397500 0.051000 0.021000
1 0.612500 0.280500 0.045000 0.027000
1 0.859000 0.332000 0.052000 0.018000
1 0.659000 0.580500 0.036000 0.029000
1 0.673500 0.717500 0.041000 0.025000
1 0.024000 0.613500 0.048000 0.057000
1 0.618000 0.470000 0.042000 0.038000
1 0.473500 0.773000 0.071000 0.086000
1 0.025500 0.732500 0.051000 0.049000
1 0.510500 0.852000 0.065000 0.064000
1 0.896500 0.831500 0.045000 0.051000
1 0.713000 0.640500 0.060000 0.049000