1 0.049500 0.434500 0.069000 0.049000
1 0.405000 0.273500 0.058000 0.055000
1 0.744000 0.611000 0.086000 0.076000
0 0.405000 0.038500 0.088000 0.047000
1 0.975500 0.703000 0.045000 0.104000
1 0.475500 0.491000 0.063000 0.066000
1 0.403500 0.507500 0.055000 0.051000
1 0.810000 0.323500 0.074000 0.087000
1 0.823000 0.470000 0.048000 0.042000
1 0.040500 0.489000 0.081000 0.070000
1 0.673500 0.609500 0.055000 0.061000
1 0.618000 0.815000 0.088000 0.078000
1 0.940000 0.437500 0.082000 0.069000
1 0.788500 0.499000 0.049000 0.056000
1 0.819000 0.873000 0.086000 0.050000
1 0.949000 0.365500 0.066000 0.057000
1 0.496500 0.326500 0.059000 0.073000
1 0.887000 0.520000 0.054000 0.080000
1 0.454000 0.580000 0.066000 0.056000
1 0.909500 0.631000 0.057000 0.066000
1 0.244500 0.585500 0.095000 0.079000
1 0.873500 0.226500 0.059000 0.075000
1 0.632000 0.733500 0.088000 0.055000
1 0.386500 0.373500 0.047000 0.063000
1 0.480500 0.489000 0.053000 0.062000
1 0.577000 0.447500 0.068000 0.095000
1 0.591500 0.326500 0.077000 0.087000
1 0.448000 0.305500 0.066000 0.065000
1 0.550500 0.576500 0.067000 0.055000
1 0.714500 0.472000 0.057000 0.056000
1 0.713000 0.026000 0.050000 0.052000
1 0.409500 0.043500 0.091000 0.061000