1 0.045000 0.253500 0.032000 0.021000
1 0.266000 0.546500 0.056000 0.051000
1 0.528500 0.616500 0.063000 0.061000
1 0.226000 0.298000 0.042000 0.050000
1 0.046500 0.165500 0.069000 0.037000
1 0.395500 0.653000 0.067000 0.062000
1 0.687500 0.411500 0.061000 0.055000
1 0.106500 0.435500 0.041000 0.033000
1 0.603500 0.555000 0.113000 0.114000
1 0.432000 0.165500 0.056000 0.063000
1 0.058500 0.609000 0.067000 0.044000
1 0.500500 0.049000 0.057000 0.050000
1 0.431500 0.081000 0.043000 0.036000
2 0.059000 0.348000 0.032000 0.038000
1 0.738500 0.181500 0.081000 0.071000
1 0.882500 0.197500 0.059000 0.063000
1 0.319500 0.524500 0.061000 0.061000
1 0.265000 0.239500 0.046000 0.051000
1 0.610500 0.310500 0.055000 0.049000
1 0.540000 0.020000 0.054000 0.040000
1 0.460000 0.460000 0.060000 0.056000
1 0.120500 0.324000 0.037000 0.032000
1 0.817000 0.266500 0.060000 0.053000
1 0.105000 0.086000 0.040000 0.038000
1 0.396500 0.205000 0.065000 0.046000
1 0.169500 0.443500 0.055000 0.049000
1 0.460000 0.108500 0.062000 0.067000
1 0.129000 0.266500 0.050000 0.047000
1 0.856000 0.055500 0.062000 0.055000
1 0.326000 0.679000 0.056000 0.050000
1 0.462000 0.637500 0.064000 0.055000
1 0.252500 0.424000 0.043000 0.036000
1 0.551000 0.235000 0.064000 0.062000
1 0.183000 0.322500 0.060000 0.045000