1 0.179000 0.494000 0.050000 0.056000
1 0.534500 0.405000 0.057000 0.052000
1 0.759000 0.596000 0.048000 0.048000
1 0.385500 0.377000 0.067000 0.058000
1 0.200000 0.189000 0.062000 0.074000
1 0.916500 0.613500 0.051000 0.047000
1 0.549000 0.170000 0.062000 0.076000
1 0.108500 0.982000 0.047000 0.034000
1 0.597500 0.753500 0.051000 0.045000
1 0.021500 0.311000 0.043000 0.046000
1 0.248500 0.672000 0.057000 0.056000
1 0.929500 0.446000 0.063000 0.058000
1 0.233500 0.953500 0.041000 0.063000
1 0.432000 0.259000 0.038000 0.048000
1 0.295500 0.843000 0.045000 0.058000
1 0.386000 0.308500 0.042000 0.043000
1 0.037500 0.543000 0.051000 0.046000
1 0.437500 0.175500 0.053000 0.051000
1 0.283500 0.472000 0.051000 0.056000
1 0.654500 0.392000 0.055000 0.052000
1 0.729500 0.504000 0.063000 0.050000
1 0.135500 0.342000 0.055000 0.044000
1 0.667500 0.353000 0.075000 0.068000
1 0.496000 0.539500 0.068000 0.049000
1 0.814500 0.953500 0.037000 0.043000
1 0.626000 0.819500 0.058000 0.045000
1 0.732500 0.280000 0.053000 0.050000
1 0.349000 0.777500 0.046000 0.053000
1 0.905500 0.535000 0.059000 0.050000
1 0.975500 0.061500 0.047000 0.049000
1 0.477000 0.021500 0.070000 0.043000
1 0.975000 0.822500 0.048000 0.057000
1 0.851500 0.366000 0.061000 0.062000
1 0.524500 0.496000 0.049000 0.062000
1 0.800500 0.756000 0.055000 0.044000
1 0.551500 0.667000 0.049000 0.054000
1 0.879000 0.766500 0.082000 0.051000
1 0.375000 0.033500 0.052000 0.051000
1 0.455000 0.663000 0.058000 0.058000
1 0.620000 0.478000 0.056000 0.052000
1 0.738000 0.328500 0.054000 0.041000
1 0.976000 0.574000 0.046000 0.084000
1 0.786000 0.025500 0.056000 0.051000
1 0.816000 0.651500 0.058000 0.035000
1 0.230500 0.591000 0.053000 0.046000
1 0.972000 0.209000 0.038000 0.038000
1 0.671500 0.953500 0.065000 0.049000
1 0.113500 0.145500 0.061000 0.069000
1 0.526500 0.767500 0.069000 0.057000
1 0.752000 0.665000 0.048000 0.040000
1 0.340500 0.850000 0.055000 0.040000
1 0.237000 0.248000 0.066000 0.066000
1 0.610500 0.686500 0.049000 0.027000
1 0.958500 0.241000 0.049000 0.046000
1 0.070500 0.238500 0.057000 0.069000
1 0.945500 0.084000 0.059000 0.048000
1 0.150500 0.081500 0.061000 0.065000
1 0.804500 0.475500 0.059000 0.049000
1 0.574000 0.819500 0.034000 0.041000
1 0.225000 0.344000 0.056000 0.052000
1 0.437500 0.495500 0.051000 0.055000
1 0.694500 0.231000 0.061000 0.082000
1 0.271500 0.617500 0.049000 0.057000
1 0.570500 0.914500 0.069000 0.057000
1 0.824000 0.534500 0.036000 0.051000
1 0.493500 0.950000 0.063000 0.044000
1 0.415000 0.093000 0.050000 0.050000
1 0.729500 0.762000 0.051000 0.042000
1 0.199500 0.021000 0.051000 0.042000
1 0.570500 0.856000 0.037000 0.028000
1 0.620000 0.862000 0.062000 0.034000
1 0.541500 0.733000 0.059000 0.058000
1 0.458500 0.400000 0.055000 0.040000
1 0.119000 0.501500 0.052000 0.045000
1 0.891000 0.033500 0.058000 0.053000
1 0.699000 0.872000 0.036000 0.080000
1 0.649000 0.773000 0.054000 0.046000
1 0.433500 0.731500 0.047000 0.055000
1 0.703000 0.612500 0.062000 0.045000
1 0.703500 0.429500 0.057000 0.043000
1 0.081000 0.646000 0.046000 0.042000
1 0.499500 0.911500 0.063000 0.049000
1 0.276500 0.357500 0.053000 0.065000
1 0.646000 0.585500 0.058000 0.051000
1 0.632000 0.433000 0.056000 0.044000
2 0.397000 0.568500 0.072000 0.063000
1 0.818500 0.686000 0.047000 0.034000
1 0.760500 0.938000 0.059000 0.080000
1 0.398500 0.775500 0.043000 0.033000
1 0.859000 0.522000 0.052000 0.050000
1 0.594000 0.567500 0.054000 0.047000
1 0.844000 0.839000 0.052000 0.034000
1 0.391500 0.144000 0.071000 0.064000
1 0.614500 0.972000 0.031000 0.042000
1 0.784500 0.437500 0.053000 0.047000
1 0.563000 0.245000 0.046000 0.046000