1 0.216000 0.584000 0.040000 0.044000
1 0.437000 0.551500 0.044000 0.037000
1 0.638000 0.461000 0.066000 0.052000
1 0.323000 0.556500 0.048000 0.049000
1 0.373000 0.554000 0.046000 0.034000
1 0.454500 0.942500 0.039000 0.017000
1 0.459000 0.904000 0.060000 0.050000
1 0.627500 0.592000 0.025000 0.034000
1 0.986000 0.686500 0.026000 0.061000
1 0.622000 0.878500 0.042000 0.031000
1 0.984000 0.546000 0.030000 0.048000
1 0.873500 0.634000 0.035000 0.032000
1 0.037500 0.973500 0.045000 0.029000
1 0.265500 0.564000 0.035000 0.034000
1 0.846000 0.709000 0.038000 0.042000
1 0.426000 0.977500 0.032000 0.037000
1 0.560000 0.583000 0.038000 0.028000
1 0.495000 0.560000 0.046000 0.030000
2 0.952500 0.809500 0.029000 0.021000
1 0.748500 0.928000 0.043000 0.052000
1 0.091500 0.973000 0.045000 0.028000
1 0.322000 0.633500 0.058000 0.023000
2 0.831000 0.849000 0.026000 0.026000
1 0.540000 0.903500 0.040000 0.033000
1 0.790500 0.878500 0.049000 0.037000
1 0.474000 0.977000 0.038000 0.034000