1 0.577500 0.467500 0.065000 0.065000
1 0.109000 0.479000 0.070000 0.068000
1 0.591000 0.720000 0.044000 0.048000
1 0.881000 0.112500 0.050000 0.039000
1 0.791000 0.825500 0.040000 0.041000
1 0.865500 0.045000 0.035000 0.042000
1 0.243000 0.049500 0.052000 0.059000
1 0.157000 0.047500 0.038000 0.061000
1 0.948500 0.435500 0.051000 0.051000
1 0.240500 0.645500 0.031000 0.043000
1 0.350500 0.287500 0.083000 0.087000
1 0.619500 0.579500 0.059000 0.047000
1 0.741000 0.776000 0.044000 0.052000
1 0.671500 0.875500 0.027000 0.049000
1 0.044500 0.467000 0.055000 0.050000
1 0.810000 0.390500 0.036000 0.053000
1 0.686000 0.560500 0.048000 0.039000
1 0.050500 0.355500 0.043000 0.027000
1 0.557000 0.560000 0.070000 0.056000