1 0.032000 0.548000 0.064000 0.124000
1 0.291000 0.038000 0.102000 0.076000
1 0.156000 0.307000 0.120000 0.094000
1 0.200000 0.160000 0.104000 0.096000
1 0.382000 0.653000 0.156000 0.126000
1 0.198000 0.645000 0.136000 0.090000
1 0.284000 0.820000 0.072000 0.084000
1 0.470000 0.286000 0.128000 0.120000
1 0.371000 0.445000 0.154000 0.094000
1 0.384000 0.904000 0.104000 0.064000
1 0.039000 0.813000 0.078000 0.130000
1 0.616000 0.281000 0.096000 0.086000
1 0.642000 0.874000 0.124000 0.148000
1 0.798000 0.178000 0.108000 0.072000
1 0.497000 0.582000 0.078000 0.092000
1 0.683000 0.142000 0.062000 0.044000