1 0.834500 0.645500 0.063000 0.055000
1 0.258000 0.326000 0.030000 0.046000
1 0.911000 0.474500 0.064000 0.043000
1 0.892000 0.726500 0.042000 0.045000
1 0.654000 0.816500 0.072000 0.051000
1 0.983000 0.097500 0.030000 0.039000
1 0.076000 0.381000 0.048000 0.028000
1 0.667500 0.384500 0.063000 0.055000
1 0.625500 0.760000 0.073000 0.048000
1 0.240500 0.400000 0.057000 0.056000
1 0.766500 0.487000 0.047000 0.052000
1 0.442500 0.673500 0.045000 0.047000
1 0.285000 0.955500 0.050000 0.045000
1 0.693000 0.624000 0.040000 0.050000
1 0.489000 0.164500 0.034000 0.033000
1 0.038500 0.109000 0.055000 0.048000
1 0.973500 0.485500 0.043000 0.033000
1 0.421000 0.872500 0.064000 0.055000
1 0.519000 0.890000 0.052000 0.048000
1 0.895500 0.235500 0.067000 0.053000
1 0.914000 0.671000 0.044000 0.052000
1 0.323000 0.035000 0.062000 0.054000
1 0.302500 0.618500 0.067000 0.035000
1 0.491000 0.410000 0.070000 0.052000
1 0.129000 0.166500 0.052000 0.073000
1 0.741000 0.908000 0.040000 0.048000
1 0.713000 0.976000 0.066000 0.046000