1 0.667000 0.966000 0.062000 0.056000
1 0.748000 0.887000 0.052000 0.042000
1 0.550000 0.572000 0.056000 0.048000
1 0.548000 0.492000 0.044000 0.060000
1 0.360000 0.716000 0.076000 0.052000
1 0.445000 0.451000 0.054000 0.042000
1 0.442000 0.772000 0.040000 0.040000
1 0.736000 0.969000 0.044000 0.058000
1 0.815000 0.925000 0.050000 0.026000
1 0.887000 0.867000 0.038000 0.042000
1 0.599000 0.807000 0.026000 0.054000
1 0.355000 0.245000 0.034000 0.026000
1 0.621000 0.410000 0.054000 0.024000
1 0.857000 0.517000 0.058000 0.046000
1 0.197000 0.417000 0.046000 0.050000
1 0.222000 0.175000 0.068000 0.090000
1 0.657000 0.622000 0.058000 0.084000
1 0.374000 0.658000 0.024000 0.048000
1 0.942000 0.576000 0.052000 0.048000
1 0.301000 0.339000 0.046000 0.062000
1 0.718000 0.535000 0.044000 0.050000
1 0.691000 0.261000 0.022000 0.058000
1 0.592000 0.598000 0.032000 0.048000
1 0.416000 0.166000 0.068000 0.084000
1 0.640000 0.552000 0.048000 0.048000
1 0.614000 0.131000 0.072000 0.050000
1 0.857000 0.724000 0.042000 0.048000
1 0.058000 0.531000 0.100000 0.074000
1 0.755000 0.333000 0.074000 0.062000
1 0.639000 0.804000 0.030000 0.064000
1 0.203000 0.877000 0.046000 0.050000
1 0.558000 0.954000 0.040000 0.040000
1 0.332000 0.021000 0.080000 0.042000
1 0.713000 0.776000 0.042000 0.044000
1 0.681000 0.542000 0.030000 0.060000
1 0.523000 0.177000 0.066000 0.062000
1 0.315000 0.575000 0.070000 0.070000
1 0.290000 0.505000 0.044000 0.022000
1 0.959000 0.479000 0.042000 0.054000
1 0.542000 0.760000 0.052000 0.044000
1 0.531000 0.866000 0.054000 0.044000
1 0.295000 0.270000 0.058000 0.044000
1 0.714000 0.116000 0.044000 0.040000
1 0.768000 0.606000 0.104000 0.076000
1 0.806000 0.100000 0.052000 0.044000
1 0.209000 0.231000 0.090000 0.022000
1 0.938000 0.889000 0.056000 0.042000
1 0.411000 0.574000 0.046000 0.048000
1 0.296000 0.828000 0.040000 0.052000
1 0.629000 0.455000 0.042000 0.058000
1 0.366000 0.307000 0.064000 0.074000
1 0.756000 0.706000 0.032000 0.036000
1 0.747000 0.413000 0.074000 0.054000
1 0.083000 0.619000 0.058000 0.050000
1 0.032000 0.420000 0.064000 0.068000
1 0.542000 0.397000 0.068000 0.038000
1 0.616000 0.866000 0.052000 0.056000
1 0.853000 0.562000 0.030000 0.056000
1 0.059000 0.137000 0.070000 0.030000
1 0.923000 0.817000 0.062000 0.058000
1 0.303000 0.408000 0.046000 0.044000
1 0.979000 0.201000 0.038000 0.042000
1 0.469000 0.671000 0.030000 0.038000
1 0.372000 0.781000 0.060000 0.054000
1 0.486000 0.944000 0.064000 0.040000
1 0.722000 0.203000 0.056000 0.042000
1 0.889000 0.088000 0.062000 0.064000
1 0.435000 0.704000 0.046000 0.056000
1 0.415000 0.632000 0.034000 0.040000
1 0.393000 0.940000 0.054000 0.056000
1 0.193000 0.476000 0.090000 0.056000
1 0.033000 0.473000 0.066000 0.038000
1 0.980000 0.785000 0.036000 0.062000
1 0.548000 0.337000 0.048000 0.070000
1 0.506000 0.499000 0.024000 0.046000
1 0.300000 0.730000 0.048000 0.048000
1 0.963000 0.257000 0.070000 0.034000
1 0.904000 0.160000 0.080000 0.028000
1 0.622000 0.332000 0.056000 0.040000
1 0.856000 0.319000 0.052000 0.038000
1 0.193000 0.647000 0.098000 0.090000
1 0.329000 0.884000 0.058000 0.064000
1 0.911000 0.216000 0.046000 0.056000
1 0.518000 0.437000 0.032000 0.038000
1 0.334000 0.671000 0.044000 0.058000
1 0.431000 0.832000 0.034000 0.044000
1 0.818000 0.870000 0.072000 0.072000