1 0.277500 0.373500 0.047000 0.037000
1 0.293500 0.770500 0.063000 0.081000
1 0.119500 0.353500 0.049000 0.041000
1 0.836000 0.831000 0.050000 0.052000
1 0.024000 0.980000 0.046000 0.038000
1 0.625500 0.593500 0.023000 0.047000
1 0.765000 0.230500 0.042000 0.027000
1 0.670500 0.687000 0.073000 0.052000
1 0.832000 0.771000 0.084000 0.068000
1 0.352500 0.585000 0.075000 0.072000
1 0.043500 0.737500 0.065000 0.053000
1 0.646000 0.896500 0.068000 0.059000
1 0.267000 0.860500 0.044000 0.051000
1 0.020000 0.095500 0.040000 0.045000
1 0.459000 0.553500 0.054000 0.053000
1 0.426500 0.814500 0.029000 0.049000
1 0.084000 0.038500 0.048000 0.043000
1 0.273500 0.041000 0.039000 0.036000
1 0.061500 0.490500 0.053000 0.067000
1 0.215500 0.093500 0.071000 0.043000
1 0.023000 0.285000 0.046000 0.056000
1 0.186500 0.158000 0.073000 0.064000
1 0.073000 0.796500 0.022000 0.031000
1 0.673500 0.342500 0.047000 0.093000
1 0.060500 0.699500 0.047000 0.039000
1 0.943000 0.139500 0.058000 0.059000
1 0.980500 0.533000 0.037000 0.070000
1 0.503000 0.139000 0.130000 0.110000
1 0.954000 0.472000 0.052000 0.040000
1 0.258500 0.268000 0.061000 0.058000
1 0.333000 0.194500 0.054000 0.049000
1 0.086000 0.669500 0.032000 0.041000
1 0.248000 0.699500 0.052000 0.047000
1 0.069000 0.870000 0.072000 0.070000
1 0.874500 0.300500 0.033000 0.035000
1 0.691500 0.276500 0.037000 0.023000
1 0.758000 0.688500 0.084000 0.047000
1 0.881000 0.197500 0.032000 0.039000
1 0.131000 0.680500 0.064000 0.055000
1 0.699000 0.363500 0.050000 0.055000
1 0.795000 0.023500 0.052000 0.047000
1 0.316000 0.226500 0.044000 0.039000
1 0.640500 0.966500 0.057000 0.045000
1 0.021000 0.831500 0.042000 0.049000
1 0.748500 0.262000 0.043000 0.046000
1 0.168500 0.615500 0.061000 0.051000
1 0.702000 0.417000 0.052000 0.048000
1 0.217500 0.057000 0.055000 0.048000
1 0.805000 0.296500 0.082000 0.067000
1 0.587500 0.880000 0.059000 0.048000
1 0.165500 0.401500 0.055000 0.067000
1 0.200000 0.367000 0.096000 0.060000
1 0.747000 0.747500 0.050000 0.053000
1 0.065500 0.216000 0.073000 0.060000
1 0.169000 0.930000 0.050000 0.026000
1 0.185000 0.906000 0.028000 0.032000
1 0.803000 0.381000 0.054000 0.034000
1 0.638000 0.052500 0.038000 0.025000
1 0.733500 0.211000 0.027000 0.044000
1 0.871500 0.381000 0.073000 0.070000
1 0.051500 0.023500 0.047000 0.037000
1 0.384000 0.150500 0.070000 0.085000
1 0.610500 0.816500 0.043000 0.055000
1 0.404000 0.882500 0.036000 0.057000
1 0.256000 0.971500 0.058000 0.049000
1 0.735500 0.173500 0.045000 0.031000
1 0.034000 0.402500 0.054000 0.047000
1 0.670000 0.796500 0.068000 0.059000
1 0.401500 0.396500 0.041000 0.049000
1 0.041500 0.264500 0.047000 0.041000
1 0.304000 0.109000 0.060000 0.048000
1 0.827000 0.540000 0.072000 0.068000
1 0.703500 0.614000 0.061000 0.042000
1 0.037500 0.050000 0.039000 0.032000
1 0.927000 0.588500 0.058000 0.069000
1 0.572500 0.228000 0.053000 0.046000
1 0.338500 0.440000 0.025000 0.036000
1 0.229500 0.623500 0.069000 0.055000
1 0.148500 0.262500 0.063000 0.049000
1 0.423000 0.020000 0.048000 0.040000
1 0.809000 0.636500 0.080000 0.061000
1 0.913500 0.064000 0.055000 0.058000
1 0.221500 0.654000 0.047000 0.042000
1 0.103000 0.129000 0.072000 0.086000
1 0.770500 0.531000 0.035000 0.046000
1 0.159500 0.952500 0.051000 0.037000
1 0.375000 0.780500 0.050000 0.043000
1 0.295500 0.412000 0.037000 0.048000
1 0.710500 0.068500 0.047000 0.043000
1 0.129500 0.466500 0.057000 0.065000
1 0.244000 0.398000 0.044000 0.052000
1 0.119000 0.596000 0.036000 0.054000
1 0.087000 0.953500 0.048000 0.051000
1 0.459000 0.366500 0.044000 0.037000
1 0.181500 0.729000 0.083000 0.106000
1 0.801500 0.085500 0.031000 0.047000
1 0.975500 0.162500 0.035000 0.045000
1 0.746000 0.134500 0.040000 0.053000
1 0.271000 0.015000 0.044000 0.030000
1 0.719000 0.321500 0.044000 0.033000
1 0.714000 0.503500 0.072000 0.065000
1 0.120000 0.536500 0.068000 0.059000
1 0.705500 0.215000 0.037000 0.066000
1 0.202000 0.324500 0.066000 0.047000
1 0.276000 0.186500 0.056000 0.051000
1 0.401000 0.284500 0.056000 0.047000
1 0.902500 0.117500 0.055000 0.065000
1 0.389500 0.525000 0.049000 0.028000
1 0.844000 0.250000 0.076000 0.054000