1 0.494000 0.550500 0.054000 0.057000
1 0.690500 0.246000 0.061000 0.050000
1 0.607500 0.593500 0.055000 0.079000
1 0.228000 0.728000 0.060000 0.062000
1 0.410500 0.760000 0.063000 0.070000
1 0.260500 0.467500 0.059000 0.051000
1 0.611500 0.181000 0.051000 0.052000
1 0.735500 0.137500 0.055000 0.049000
1 0.776500 0.078500 0.057000 0.053000
1 0.921500 0.274500 0.107000 0.101000
1 0.295500 0.409500 0.063000 0.073000
1 0.586000 0.919500 0.046000 0.051000
1 0.304500 0.316500 0.055000 0.067000
1 0.664000 0.425000 0.048000 0.050000
1 0.489500 0.912500 0.075000 0.083000
1 0.654000 0.834500 0.050000 0.067000
1 0.550000 0.263500 0.042000 0.045000
1 0.188000 0.900000 0.038000 0.050000
1 0.280500 0.557000 0.061000 0.082000
1 0.577000 0.674000 0.058000 0.064000
1 0.711500 0.204000 0.049000 0.058000
1 0.833000 0.270000 0.058000 0.064000
1 0.466000 0.026000 0.066000 0.052000
1 0.327000 0.708000 0.070000 0.088000
1 0.706000 0.685500 0.042000 0.047000
1 0.769000 0.234500 0.046000 0.057000
1 0.844000 0.340000 0.060000 0.064000
1 0.235500 0.503500 0.055000 0.037000
1 0.656000 0.508000 0.052000 0.068000
1 0.973500 0.392500 0.047000 0.053000
1 0.963500 0.770000 0.049000 0.038000
1 0.910500 0.362000 0.049000 0.040000
1 0.510000 0.838500 0.062000 0.055000
1 0.545000 0.152500 0.058000 0.059000
1 0.200500 0.805000 0.063000 0.060000
1 0.632500 0.618500 0.055000 0.079000
1 0.346500 0.439000 0.069000 0.064000