1 0.819000 0.852000 0.072000 0.054000
1 0.591000 0.857000 0.058000 0.052000
1 0.416500 0.607000 0.053000 0.034000
1 0.060500 0.034500 0.049000 0.045000
1 0.507000 0.254500 0.052000 0.067000
1 0.718000 0.834500 0.058000 0.063000
1 0.300000 0.576000 0.054000 0.050000
1 0.608000 0.246500 0.046000 0.043000
1 0.820000 0.260500 0.056000 0.049000
1 0.475500 0.201500 0.049000 0.039000
1 0.925500 0.765000 0.055000 0.044000
1 0.834000 0.118500 0.052000 0.057000
1 0.013500 0.448500 0.025000 0.065000
1 0.459000 0.082500 0.042000 0.051000
1 0.532500 0.305500 0.045000 0.041000
1 0.887500 0.153000 0.049000 0.052000
1 0.533500 0.893500 0.075000 0.073000