1 0.062500 0.741500 0.053000 0.053000
1 0.428500 0.932000 0.059000 0.060000
1 0.768000 0.055000 0.046000 0.056000
1 0.913000 0.121000 0.044000 0.042000
1 0.508000 0.346500 0.046000 0.057000
1 0.655500 0.316500 0.045000 0.049000
1 0.459000 0.550000 0.068000 0.070000
1 0.037500 0.910500 0.049000 0.061000
1 0.969500 0.459500 0.055000 0.041000
1 0.571000 0.474000 0.038000 0.042000
1 0.452000 0.749000 0.062000 0.058000
1 0.501000 0.948500 0.050000 0.051000
1 0.125500 0.415500 0.059000 0.059000
1 0.434500 0.846500 0.051000 0.055000
1 0.365000 0.714500 0.062000 0.057000
1 0.798000 0.440000 0.058000 0.050000
1 0.635500 0.091000 0.047000 0.032000
1 0.124000 0.309000 0.056000 0.070000
1 0.889000 0.922500 0.078000 0.065000
1 0.967500 0.044000 0.063000 0.062000
1 0.361000 0.829500 0.046000 0.045000
1 0.092000 0.023000 0.052000 0.046000
1 0.172500 0.151500 0.047000 0.055000
1 0.114500 0.644500 0.053000 0.041000
1 0.061500 0.448000 0.049000 0.058000
1 0.611500 0.517500 0.069000 0.067000
1 0.761000 0.273500 0.046000 0.039000
1 0.059000 0.863500 0.052000 0.057000
1 0.822500 0.885000 0.067000 0.056000
1 0.651500 0.707500 0.057000 0.063000
1 0.597000 0.152500 0.042000 0.053000
1 0.886500 0.029000 0.039000 0.058000
1 0.602500 0.395500 0.057000 0.063000
1 0.516500 0.223000 0.057000 0.058000
1 0.657000 0.232500 0.042000 0.033000
1 0.772500 0.203000 0.033000 0.046000
1 0.850500 0.457000 0.039000 0.030000