1 0.327500 0.361500 0.019000 0.045000
1 0.038000 0.654500 0.076000 0.035000
1 0.012500 0.488000 0.025000 0.052000
2 0.594500 0.319500 0.025000 0.037000
1 0.603500 0.215000 0.057000 0.054000
1 0.961000 0.324000 0.056000 0.046000
1 0.409500 0.075000 0.075000 0.088000
1 0.514500 0.259000 0.039000 0.042000
1 0.560000 0.959500 0.054000 0.075000
1 0.201500 0.225000 0.045000 0.056000
1 0.662000 0.374500 0.038000 0.031000
1 0.655500 0.423000 0.067000 0.044000
1 0.847500 0.106500 0.071000 0.071000
1 0.277000 0.121500 0.058000 0.075000
1 0.370000 0.418000 0.018000 0.044000
1 0.318000 0.288500 0.040000 0.021000
1 0.911500 0.240000 0.047000 0.052000
1 0.169000 0.120000 0.052000 0.052000
1 0.501000 0.378000 0.036000 0.048000
1 0.857500 0.280500 0.071000 0.073000
1 0.275000 0.225500 0.070000 0.059000
1 0.706000 0.194000 0.050000 0.036000
1 0.900000 0.194000 0.044000 0.030000
1 0.518000 0.302500 0.038000 0.023000
1 0.937500 0.303500 0.051000 0.049000
1 0.733000 0.312500 0.048000 0.021000
1 0.883000 0.622000 0.232000 0.126000
1 0.675500 0.299500 0.049000 0.037000
1 0.653000 0.333500 0.040000 0.017000
1 0.123000 0.357500 0.074000 0.073000
1 0.320500 0.315500 0.037000 0.019000
1 0.404500 0.431000 0.051000 0.036000
1 0.534500 0.150500 0.061000 0.055000
1 0.334500 0.414000 0.053000 0.052000
1 0.963000 0.276000 0.032000 0.032000
1 0.142000 0.317000 0.040000 0.032000
1 0.855000 0.353500 0.056000 0.043000
1 0.400500 0.473500 0.031000 0.023000
2 0.546000 0.366500 0.044000 0.021000
1 0.658000 0.755000 0.072000 0.050000
1 0.916500 0.038000 0.063000 0.076000
1 0.524500 0.029000 0.053000 0.056000
1 0.293000 0.415500 0.026000 0.047000
1 0.560000 0.841500 0.050000 0.021000
1 0.539500 0.440000 0.037000 0.050000
1 0.411500 0.305500 0.097000 0.059000
1 0.405500 0.739000 0.039000 0.048000
1 0.228500 0.021000 0.063000 0.042000
1 0.562000 0.254000 0.050000 0.030000
1 0.929000 0.149000 0.090000 0.086000
1 0.332000 0.462000 0.012000 0.028000
1 0.011000 0.544000 0.022000 0.042000
1 0.353500 0.362500 0.031000 0.043000
1 0.966000 0.911000 0.066000 0.068000
1 0.899000 0.339500 0.038000 0.041000
1 0.619500 0.167000 0.045000 0.056000
1 0.109000 0.972500 0.064000 0.039000
1 0.690500 0.268500 0.037000 0.023000
1 0.742500 0.287000 0.035000 0.020000
1 0.396000 0.227000 0.078000 0.078000
1 0.734000 0.596000 0.060000 0.056000