1 0.550000 0.315000 0.040000 0.038000
1 0.513000 0.541000 0.082000 0.062000
1 0.902000 0.695000 0.044000 0.030000
1 0.896000 0.616000 0.064000 0.056000
1 0.716000 0.512000 0.056000 0.064000
1 0.227000 0.931000 0.066000 0.078000
1 0.766000 0.596000 0.112000 0.044000
1 0.776000 0.655000 0.120000 0.098000
2 0.312000 0.653000 0.056000 0.042000
1 0.372000 0.297000 0.072000 0.082000
2 0.686000 0.340000 0.052000 0.068000
1 0.465000 0.203000 0.058000 0.050000
1 0.599000 0.411000 0.086000 0.038000
1 0.214000 0.845000 0.076000 0.062000
1 0.625000 0.229000 0.074000 0.086000
1 0.289000 0.894000 0.066000 0.072000