1 0.315000 0.822500 0.078000 0.075000
1 0.430500 0.715000 0.059000 0.076000
1 0.798000 0.411000 0.082000 0.062000
1 0.388500 0.516000 0.073000 0.046000
1 0.487000 0.873000 0.046000 0.038000
1 0.875500 0.715500 0.061000 0.059000
1 0.515500 0.255500 0.061000 0.073000
1 0.153500 0.669000 0.069000 0.048000
1 0.553500 0.187500 0.077000 0.071000
1 0.222500 0.474000 0.055000 0.078000
1 0.499000 0.107500 0.068000 0.063000
1 0.579000 0.115000 0.048000 0.052000
1 0.674500 0.310500 0.101000 0.083000
1 0.124500 0.079000 0.045000 0.036000
1 0.679000 0.523000 0.072000 0.036000
1 0.632500 0.413000 0.047000 0.060000
1 0.330000 0.983000 0.062000 0.032000
1 0.295500 0.051500 0.051000 0.061000
1 0.645500 0.855500 0.067000 0.057000
1 0.552000 0.633000 0.056000 0.064000
1 0.097500 0.261500 0.069000 0.069000
1 0.892000 0.545000 0.074000 0.054000
1 0.251000 0.211500 0.062000 0.075000
1 0.133500 0.889500 0.077000 0.051000
1 0.839000 0.179500 0.036000 0.047000
1 0.735500 0.880500 0.069000 0.063000
1 0.131000 0.495500 0.074000 0.051000
1 0.349000 0.439000 0.070000 0.054000
1 0.688000 0.679000 0.056000 0.038000
1 0.515500 0.772000 0.049000 0.038000
1 0.666500 0.935000 0.063000 0.056000
1 0.666500 0.169500 0.071000 0.065000
1 0.888500 0.209000 0.047000 0.042000
1 0.796500 0.561500 0.051000 0.049000
1 0.809000 0.029500 0.066000 0.053000
1 0.053500 0.029500 0.051000 0.045000
1 0.851000 0.313500 0.054000 0.057000
1 0.808500 0.484500 0.095000 0.051000
1 0.713000 0.626500 0.048000 0.045000
1 0.445000 0.807500 0.064000 0.065000
1 0.528500 0.547500 0.047000 0.055000
1 0.794500 0.603500 0.105000 0.047000
1 0.379000 0.934500 0.060000 0.033000
1 0.751000 0.027000 0.048000 0.054000
1 0.364000 0.058500 0.056000 0.061000
1 0.598500 0.718500 0.049000 0.035000
1 0.531500 0.343500 0.039000 0.055000
1 0.907500 0.151000 0.041000 0.048000
1 0.376500 0.102500 0.051000 0.049000
1 0.457500 0.021000 0.053000 0.042000
1 0.073500 0.148500 0.065000 0.059000
1 0.864000 0.439000 0.046000 0.082000
1 0.058000 0.658000 0.052000 0.064000
1 0.176500 0.059500 0.045000 0.035000
1 0.348000 0.376500 0.076000 0.085000
1 0.441000 0.465500 0.048000 0.049000
1 0.433500 0.218500 0.055000 0.049000
1 0.023500 0.871000 0.047000 0.072000
1 0.051000 0.540500 0.038000 0.043000
1 0.873000 0.174000 0.046000 0.038000
1 0.939000 0.266500 0.074000 0.083000
1 0.268500 0.528500 0.087000 0.067000