1 0.645000 0.741000 0.070000 0.086000
1 0.363000 0.064000 0.078000 0.088000
1 0.567000 0.258000 0.102000 0.092000
1 0.892000 0.845000 0.084000 0.070000
1 0.248000 0.612000 0.044000 0.044000
1 0.102000 0.044000 0.112000 0.088000
1 0.585000 0.644000 0.062000 0.068000
1 0.149000 0.345000 0.094000 0.058000
1 0.896000 0.547000 0.084000 0.070000
1 0.038000 0.476000 0.068000 0.052000
1 0.872000 0.453000 0.068000 0.062000
1 0.776000 0.824000 0.068000 0.092000
1 0.200000 0.046000 0.084000 0.076000
1 0.532000 0.159000 0.068000 0.058000
1 0.066000 0.604000 0.076000 0.080000
1 0.606000 0.838000 0.072000 0.076000
1 0.126000 0.510000 0.072000 0.076000
1 0.080000 0.321000 0.056000 0.042000
1 0.370000 0.368000 0.084000 0.072000
1 0.244000 0.963000 0.148000 0.070000
1 0.026000 0.736000 0.048000 0.080000
1 0.470000 0.090000 0.108000 0.116000
1 0.238000 0.524000 0.056000 0.064000
1 0.326000 0.547000 0.064000 0.058000
1 0.689000 0.528000 0.122000 0.100000
1 0.516000 0.414000 0.096000 0.084000
1 0.287000 0.204000 0.074000 0.064000
1 0.892000 0.734000 0.076000 0.060000
1 0.822000 0.722000 0.068000 0.064000