1 0.671500 0.018000 0.051000 0.036000
1 0.754000 0.320500 0.054000 0.039000
1 0.186000 0.515000 0.068000 0.086000
1 0.337500 0.947500 0.033000 0.051000
1 0.601000 0.231500 0.034000 0.037000
1 0.258000 0.661000 0.056000 0.046000
1 0.461500 0.270000 0.037000 0.040000
1 0.340500 0.028000 0.053000 0.056000
1 0.482500 0.475000 0.053000 0.038000
1 0.909500 0.200500 0.057000 0.049000
1 0.032500 0.449500 0.047000 0.037000
1 0.155000 0.759500 0.038000 0.045000
1 0.286000 0.828000 0.036000 0.048000
1 0.848500 0.212500 0.027000 0.049000
1 0.742500 0.238500 0.041000 0.027000
1 0.804500 0.247500 0.037000 0.031000
1 0.703000 0.233500 0.034000 0.037000
1 0.160500 0.378500 0.049000 0.049000
1 0.981500 0.252000 0.035000 0.034000
1 0.369000 0.308000 0.060000 0.048000
1 0.552000 0.242000 0.056000 0.040000