1 0.412000 0.930000 0.108000 0.084000
1 0.630000 0.559000 0.068000 0.094000
1 0.312000 0.084000 0.084000 0.092000
1 0.928000 0.851000 0.100000 0.114000
1 0.706000 0.907000 0.104000 0.090000
1 0.724000 0.371000 0.096000 0.090000
1 0.551000 0.058000 0.126000 0.080000
1 0.525000 0.904000 0.086000 0.104000
1 0.803000 0.083000 0.062000 0.074000
1 0.315000 0.289000 0.130000 0.146000
1 0.490000 0.657000 0.088000 0.110000
1 0.393000 0.821000 0.074000 0.062000
1 0.652000 0.737000 0.124000 0.110000
1 0.603000 0.387000 0.090000 0.098000