1 0.559000 0.260500 0.040000 0.053000
1 0.803000 0.472500 0.088000 0.121000
1 0.312500 0.570500 0.081000 0.069000
1 0.039500 0.552000 0.053000 0.072000
1 0.300500 0.660000 0.075000 0.082000
1 0.652000 0.872500 0.074000 0.055000
1 0.318000 0.973000 0.052000 0.050000
1 0.054000 0.759500 0.046000 0.051000
1 0.215500 0.310500 0.051000 0.061000
1 0.874000 0.219000 0.070000 0.062000
1 0.564000 0.439500 0.064000 0.053000
1 0.542500 0.625500 0.051000 0.031000
1 0.543500 0.775500 0.063000 0.061000
1 0.625500 0.710000 0.067000 0.060000
1 0.533500 0.695500 0.065000 0.047000
1 0.956000 0.682000 0.056000 0.052000
1 0.238000 0.930500 0.050000 0.037000
1 0.655000 0.821000 0.072000 0.042000
1 0.668500 0.429000 0.073000 0.078000
1 0.642500 0.969000 0.055000 0.058000
1 0.442500 0.426000 0.063000 0.054000
1 0.139000 0.581500 0.044000 0.047000
1 0.448000 0.978500 0.060000 0.041000
1 0.791500 0.659500 0.059000 0.057000
1 0.255000 0.831500 0.048000 0.023000
1 0.659000 0.592000 0.074000 0.066000
1 0.572500 0.864500 0.081000 0.063000
1 0.558000 0.139500 0.054000 0.047000
1 0.143500 0.933500 0.057000 0.065000
1 0.151500 0.488500 0.057000 0.057000
1 0.072500 0.335000 0.091000 0.074000
1 0.845000 0.737500 0.052000 0.057000
1 0.825500 0.904500 0.043000 0.041000
1 0.220500 0.662000 0.053000 0.026000