1 0.671000 0.037500 0.098000 0.071000
1 0.289500 0.070000 0.047000 0.046000
1 0.134500 0.482500 0.059000 0.061000
1 0.606500 0.255000 0.051000 0.052000
1 0.215500 0.401000 0.061000 0.062000
1 0.085500 0.670500 0.085000 0.073000
1 0.055000 0.119000 0.066000 0.056000
1 0.184500 0.632500 0.063000 0.057000
1 0.062000 0.542500 0.046000 0.047000
1 0.026000 0.793000 0.052000 0.068000
1 0.646000 0.129000 0.046000 0.042000
1 0.240000 0.204500 0.056000 0.045000
1 0.340500 0.279500 0.047000 0.051000
1 0.577500 0.337000 0.049000 0.054000
1 0.052500 0.200500 0.057000 0.027000
1 0.506000 0.466000 0.058000 0.080000
1 0.109500 0.733000 0.091000 0.046000
1 0.531500 0.952500 0.073000 0.081000
1 0.434000 0.213000 0.076000 0.082000
1 0.537500 0.183500 0.067000 0.067000