1 0.046000 0.670500 0.092000 0.073000
1 0.166500 0.336000 0.069000 0.046000
1 0.444000 0.711500 0.066000 0.051000
1 0.277000 0.461500 0.068000 0.047000
1 0.676500 0.648000 0.069000 0.046000
1 0.415500 0.050000 0.041000 0.066000
1 0.703500 0.379500 0.047000 0.075000
1 0.416000 0.209000 0.040000 0.062000
1 0.655500 0.480500 0.079000 0.043000
1 0.961000 0.396000 0.068000 0.068000
1 0.516000 0.435500 0.106000 0.081000
1 0.967500 0.306000 0.063000 0.064000
1 0.507500 0.628000 0.053000 0.058000
1 0.315500 0.740500 0.061000 0.051000
1 0.679500 0.587500 0.047000 0.047000
1 0.594500 0.863500 0.065000 0.057000
1 0.438000 0.610500 0.056000 0.071000