1 0.712000 0.592000 0.064000 0.046000
1 0.129500 0.463000 0.045000 0.048000
1 0.959000 0.100000 0.060000 0.036000
1 0.873500 0.161000 0.051000 0.040000
1 0.908500 0.208500 0.029000 0.053000
1 0.617500 0.989000 0.063000 0.020000
1 0.918000 0.847500 0.028000 0.027000
1 0.775500 0.475000 0.071000 0.050000
1 0.072500 0.386500 0.025000 0.041000
1 0.864500 0.933500 0.059000 0.037000
1 0.109500 0.302000 0.073000 0.070000
1 0.547000 0.029500 0.058000 0.059000
1 0.834500 0.128500 0.045000 0.047000
1 0.953500 0.153500 0.053000 0.055000
1 0.595000 0.259000 0.068000 0.044000
1 0.871500 0.913000 0.055000 0.036000
1 0.742000 0.719000 0.056000 0.056000
1 0.907000 0.350500 0.050000 0.031000
1 0.968000 0.890500 0.046000 0.041000
1 0.751000 0.850000 0.050000 0.050000
1 0.242500 0.978500 0.063000 0.041000
1 0.990000 0.203000 0.018000 0.048000
1 0.828000 0.219500 0.100000 0.069000
1 0.320000 0.939500 0.056000 0.049000
1 0.093000 0.434500 0.048000 0.019000
1 0.269000 0.271000 0.042000 0.046000
1 0.197500 0.077500 0.053000 0.059000
1 0.621000 0.693000 0.054000 0.044000
1 0.312500 0.539500 0.063000 0.031000
1 0.013000 0.269500 0.026000 0.055000
1 0.065500 0.172000 0.025000 0.028000
1 0.528000 0.096500 0.056000 0.075000
1 0.828000 0.889000 0.054000 0.048000
1 0.168000 0.784500 0.050000 0.059000
1 0.887500 0.802000 0.051000 0.034000
1 0.917500 0.284500 0.049000 0.059000
1 0.891000 0.092000 0.044000 0.036000
1 0.262500 0.917000 0.065000 0.050000
1 0.705000 0.070500 0.092000 0.081000
1 0.963500 0.046500 0.047000 0.059000
1 0.308000 0.225000 0.056000 0.052000
1 0.292500 0.659000 0.079000 0.040000
1 0.898000 0.874000 0.054000 0.034000
1 0.354500 0.859000 0.051000 0.044000
1 0.171000 0.611000 0.124000 0.082000
1 0.340000 0.169000 0.042000 0.036000
1 0.779500 0.634500 0.035000 0.035000
1 0.949500 0.806500 0.053000 0.065000
1 0.810500 0.813500 0.067000 0.049000
1 0.018000 0.190500 0.036000 0.055000
1 0.686500 0.117500 0.053000 0.029000
1 0.090500 0.912000 0.085000 0.062000
1 0.044500 0.261000 0.029000 0.034000
1 0.966000 0.219000 0.034000 0.052000
1 0.955500 0.269500 0.027000 0.045000
1 0.969000 0.374000 0.060000 0.052000
1 0.810000 0.941500 0.048000 0.059000
1 0.092000 0.682000 0.030000 0.048000
1 0.097500 0.233500 0.041000 0.025000
1 0.515500 0.192000 0.061000 0.048000
1 0.099500 0.960000 0.041000 0.022000
1 0.184000 0.961500 0.046000 0.041000