1 0.059000 0.576000 0.114000 0.172000
2 0.299000 0.921000 0.118000 0.108000
1 0.720000 0.310000 0.228000 0.196000
1 0.334500 0.215500 0.187000 0.179000
2 0.806500 0.911500 0.129000 0.109000
2 0.521500 0.692000 0.131000 0.162000
2 0.864500 0.458000 0.133000 0.142000
2 0.153500 0.135000 0.131000 0.170000
2 0.401500 0.520000 0.121000 0.118000
2 0.416500 0.051000 0.173000 0.098000
2 0.806000 0.758500 0.130000 0.133000
2 0.160000 0.946500 0.136000 0.105000
2 0.051000 0.843000 0.096000 0.124000
2 0.943500 0.928500 0.111000 0.127000
1 0.273000 0.415500 0.172000 0.167000
2 0.923500 0.647500 0.151000 0.173000
2 0.226500 0.542500 0.161000 0.127000
2 0.077500 0.305500 0.147000 0.145000
2 0.434000 0.858500 0.152000 0.157000
2 0.685000 0.655000 0.114000 0.110000
2 0.315500 0.792500 0.125000 0.109000
2 0.591000 0.531500 0.148000 0.159000
1 0.643000 0.833000 0.214000 0.210000
2 0.345500 0.670500 0.145000 0.121000
2 0.741500 0.504000 0.127000 0.124000