1 0.850000 0.969500 0.072000 0.059000
1 0.637000 0.883500 0.088000 0.075000
1 0.428500 0.585000 0.077000 0.064000
1 0.578500 0.731000 0.093000 0.112000
1 0.638500 0.720500 0.039000 0.067000
1 0.425500 0.073500 0.067000 0.049000
1 0.331500 0.853000 0.073000 0.070000
1 0.853000 0.837000 0.074000 0.064000
1 0.457500 0.718500 0.075000 0.077000
1 0.120500 0.141000 0.051000 0.048000
1 0.771500 0.662500 0.065000 0.051000
1 0.823000 0.183000 0.060000 0.084000
1 0.544000 0.546000 0.072000 0.064000
1 0.883500 0.691000 0.069000 0.056000
1 0.110000 0.274500 0.060000 0.069000
1 0.406500 0.447000 0.067000 0.108000
1 0.624000 0.230500 0.054000 0.079000
1 0.646500 0.397500 0.033000 0.049000
1 0.969000 0.454000 0.060000 0.056000
1 0.696500 0.655000 0.061000 0.070000
1 0.794500 0.891000 0.069000 0.056000
1 0.086500 0.473000 0.073000 0.068000
1 0.969500 0.941500 0.057000 0.085000
1 0.181000 0.288500 0.086000 0.067000
1 0.878000 0.390000 0.054000 0.076000
1 0.596000 0.949000 0.062000 0.078000
1 0.214500 0.918500 0.093000 0.093000
1 0.666500 0.458000 0.045000 0.052000
1 0.124000 0.933000 0.084000 0.080000
1 0.256500 0.093000 0.051000 0.054000
1 0.764000 0.965000 0.062000 0.058000
1 0.197000 0.668000 0.084000 0.076000
1 0.585000 0.298500 0.054000 0.069000
1 0.271500 0.642000 0.047000 0.072000
1 0.581500 0.092500 0.061000 0.041000
1 0.801000 0.426500 0.056000 0.075000
1 0.713500 0.180000 0.043000 0.064000
1 0.051500 0.240000 0.061000 0.086000
1 0.062500 0.581500 0.069000 0.071000
1 0.727000 0.590500 0.066000 0.067000
1 0.827500 0.191500 0.073000 0.097000