1 0.527500 0.229000 0.043000 0.048000
1 0.882500 0.479500 0.037000 0.043000
1 0.226000 0.275000 0.078000 0.080000
1 0.900500 0.119000 0.085000 0.044000
1 0.451500 0.233500 0.053000 0.039000
1 0.507500 0.369000 0.027000 0.054000
1 0.724500 0.758000 0.031000 0.030000
1 0.854000 0.222000 0.030000 0.046000
1 0.533000 0.572000 0.052000 0.064000
1 0.591000 0.805500 0.068000 0.047000
1 0.917000 0.301000 0.048000 0.070000
1 0.344500 0.950500 0.037000 0.047000
1 0.319500 0.847500 0.051000 0.061000
1 0.185000 0.520500 0.046000 0.047000
1 0.801000 0.802000 0.084000 0.072000
1 0.985000 0.268000 0.028000 0.064000
1 0.557500 0.713000 0.039000 0.056000
1 0.751500 0.304000 0.029000 0.050000
1 0.021500 0.317000 0.041000 0.042000
1 0.910000 0.837500 0.072000 0.069000
1 0.078500 0.510500 0.051000 0.051000
1 0.595000 0.932000 0.056000 0.064000
1 0.387500 0.542000 0.043000 0.030000
1 0.739500 0.194000 0.029000 0.044000
1 0.986500 0.440500 0.025000 0.039000
1 0.471000 0.083500 0.052000 0.041000
1 0.331000 0.223500 0.056000 0.089000
1 0.397000 0.234000 0.056000 0.088000
1 0.346000 0.314500 0.058000 0.069000
1 0.440000 0.943500 0.070000 0.081000
1 0.971000 0.591500 0.036000 0.055000
1 0.938000 0.167000 0.056000 0.070000
1 0.455000 0.817500 0.018000 0.045000