2 0.083000 0.511500 0.118000 0.133000
2 0.454000 0.933500 0.154000 0.131000
2 0.505000 0.778500 0.138000 0.121000
2 0.184500 0.628000 0.163000 0.148000
2 0.684500 0.960000 0.163000 0.078000
2 0.743500 0.823500 0.147000 0.155000
2 0.336000 0.197000 0.136000 0.132000
2 0.305000 0.792500 0.128000 0.137000
2 0.342000 0.457500 0.134000 0.137000
2 0.244000 0.930500 0.148000 0.137000
2 0.340500 0.603000 0.131000 0.122000
1 0.522500 0.214000 0.195000 0.158000
2 0.734500 0.305000 0.139000 0.148000
1 0.624000 0.549500 0.130000 0.165000