1 0.568000 0.308000 0.084000 0.084000
1 0.419000 0.068000 0.110000 0.072000
1 0.319000 0.437000 0.106000 0.090000
1 0.798000 0.202000 0.084000 0.068000
1 0.571000 0.122000 0.054000 0.080000
1 0.633000 0.818000 0.090000 0.052000
1 0.421000 0.441000 0.074000 0.094000
1 0.586000 0.043000 0.084000 0.062000
1 0.181000 0.641000 0.094000 0.090000
1 0.693000 0.106000 0.054000 0.092000
1 0.172000 0.329000 0.064000 0.074000
1 0.049000 0.256000 0.098000 0.072000
1 0.278000 0.689000 0.056000 0.046000
1 0.675000 0.604000 0.038000 0.060000
1 0.661000 0.238000 0.086000 0.064000
1 0.750000 0.838000 0.088000 0.060000
1 0.475000 0.208000 0.078000 0.084000
1 0.845000 0.334000 0.074000 0.092000
1 0.803000 0.095000 0.062000 0.046000
1 0.728000 0.590000 0.068000 0.064000
1 0.481000 0.637000 0.074000 0.074000
1 0.617000 0.123000 0.066000 0.070000
1 0.721000 0.482000 0.090000 0.068000
1 0.874000 0.936000 0.056000 0.124000
1 0.236000 0.791000 0.076000 0.078000
1 0.733000 0.034000 0.070000 0.068000
1 0.581000 0.236000 0.062000 0.064000
1 0.099000 0.722000 0.110000 0.096000
1 0.599000 0.755000 0.094000 0.074000
1 0.396000 0.781000 0.116000 0.110000
1 0.523000 0.112000 0.042000 0.044000
1 0.054000 0.787000 0.108000 0.138000
1 0.523000 0.430000 0.070000 0.076000
1 0.372000 0.604000 0.068000 0.052000
1 0.372000 0.226000 0.064000 0.080000
1 0.090000 0.459000 0.068000 0.078000
1 0.656000 0.944000 0.120000 0.104000
1 0.083000 0.635000 0.062000 0.066000
1 0.922000 0.072000 0.080000 0.144000
1 0.219000 0.232000 0.082000 0.084000
1 0.512000 0.050000 0.072000 0.072000
1 0.226000 0.871000 0.072000 0.074000
1 0.736000 0.408000 0.076000 0.068000
1 0.636000 0.858000 0.080000 0.044000
0 0.377000 0.223000 0.054000 0.074000
1 0.738000 0.221000 0.064000 0.054000
1 0.081000 0.340000 0.078000 0.076000
1 0.740000 0.913000 0.056000 0.078000
1 0.362000 0.873000 0.096000 0.066000
1 0.678000 0.323000 0.092000 0.078000
1 0.408000 0.709000 0.096000 0.050000
1 0.034000 0.121000 0.064000 0.078000
1 0.298000 0.136000 0.096000 0.072000
1 0.162000 0.089000 0.088000 0.078000
1 0.407000 0.667000 0.062000 0.042000
1 0.290000 0.056000 0.116000 0.080000
1 0.770000 0.296000 0.076000 0.076000
1 0.652000 0.425000 0.072000 0.074000
1 0.279000 0.595000 0.070000 0.050000
1 0.389000 0.291000 0.118000 0.066000
1 0.054000 0.598000 0.056000 0.040000
1 0.180000 0.561000 0.068000 0.090000
1 0.737000 0.758000 0.070000 0.080000
1 0.171000 0.457000 0.074000 0.066000
1 0.376000 0.947000 0.084000 0.062000
1 0.777000 0.134000 0.086000 0.064000
1 0.843000 0.587000 0.106000 0.070000
1 0.265000 0.916000 0.062000 0.048000
1 0.406000 0.514000 0.084000 0.084000
1 0.609000 0.602000 0.078000 0.076000
1 0.567000 0.486000 0.054000 0.064000