1 0.947000 0.327000 0.058000 0.054000
1 0.829000 0.869000 0.062000 0.058000
1 0.046000 0.811000 0.092000 0.094000
1 0.723000 0.886000 0.070000 0.052000
1 0.825000 0.164000 0.066000 0.052000
1 0.708000 0.531000 0.048000 0.042000
1 0.228000 0.400000 0.064000 0.052000
1 0.805000 0.311000 0.046000 0.050000
1 0.341000 0.657000 0.054000 0.046000
1 0.974000 0.877000 0.048000 0.062000
1 0.445000 0.470000 0.070000 0.052000
1 0.234000 0.612000 0.056000 0.048000
1 0.452000 0.611000 0.052000 0.062000
1 0.895000 0.882000 0.046000 0.040000