1 0.335500 0.141500 0.037000 0.053000
1 0.695000 0.740500 0.054000 0.047000
1 0.573000 0.646000 0.054000 0.044000
1 0.047500 0.437000 0.049000 0.042000
1 0.876000 0.775500 0.046000 0.057000
1 0.569500 0.590000 0.063000 0.044000
1 0.548500 0.981000 0.049000 0.032000
1 0.578000 0.723000 0.044000 0.050000
1 0.018500 0.271500 0.037000 0.043000
1 0.639500 0.021500 0.045000 0.043000
1 0.107000 0.339500 0.044000 0.039000
1 0.363500 0.296500 0.033000 0.057000
1 0.667500 0.400000 0.041000 0.054000
1 0.415000 0.954500 0.040000 0.033000
1 0.504000 0.136000 0.040000 0.038000
1 0.370000 0.539000 0.042000 0.038000
1 0.308000 0.450500 0.034000 0.045000
1 0.556000 0.206000 0.056000 0.048000
1 0.663000 0.113000 0.040000 0.060000
1 0.114500 0.958000 0.047000 0.040000