1 0.495000 0.861000 0.056000 0.050000
1 0.038000 0.156000 0.076000 0.056000
1 0.349000 0.463500 0.040000 0.055000
1 0.615500 0.950000 0.079000 0.068000
1 0.326000 0.821000 0.062000 0.072000
1 0.068000 0.337000 0.076000 0.068000
1 0.398500 0.925000 0.065000 0.074000
1 0.527500 0.282000 0.067000 0.072000
1 0.868500 0.451000 0.059000 0.076000
1 0.602000 0.562500 0.056000 0.047000
1 0.875000 0.778000 0.052000 0.044000
1 0.828000 0.816000 0.084000 0.066000
1 0.946000 0.450000 0.056000 0.074000
1 0.135500 0.599000 0.045000 0.066000
1 0.201500 0.315000 0.065000 0.048000
1 0.865000 0.644500 0.076000 0.065000