1 0.487500 0.110500 0.045000 0.065000
1 0.175500 0.299500 0.077000 0.059000
1 0.701500 0.851500 0.109000 0.093000
1 0.024500 0.408500 0.049000 0.063000
1 0.587000 0.134000 0.086000 0.070000
1 0.246500 0.972000 0.069000 0.054000
1 0.808000 0.921500 0.078000 0.077000
1 0.475000 0.895500 0.094000 0.093000
1 0.656000 0.398000 0.092000 0.064000
1 0.608000 0.286500 0.088000 0.077000
1 0.303500 0.713000 0.091000 0.074000
1 0.135000 0.345000 0.060000 0.074000
1 0.602000 0.461500 0.086000 0.091000
1 0.231000 0.375500 0.074000 0.061000
1 0.370000 0.460000 0.066000 0.078000
1 0.490500 0.202500 0.111000 0.091000
1 0.035500 0.787000 0.071000 0.094000
1 0.290000 0.062000 0.044000 0.044000
1 0.730500 0.598000 0.089000 0.080000
1 0.359500 0.222500 0.079000 0.081000
1 0.377500 0.654000 0.091000 0.096000
1 0.465000 0.391500 0.108000 0.099000
1 0.285500 0.936000 0.075000 0.062000
1 0.461000 0.575500 0.086000 0.079000
1 0.228500 0.871500 0.049000 0.069000
1 0.285500 0.283000 0.083000 0.080000