1 0.462500 0.420000 0.049000 0.066000
1 0.791000 0.095500 0.046000 0.043000
1 0.024500 0.657000 0.045000 0.044000
1 0.117500 0.059500 0.069000 0.059000
1 0.909500 0.415500 0.057000 0.069000
1 0.878500 0.195500 0.049000 0.075000
1 0.087000 0.617000 0.062000 0.054000
1 0.307500 0.462500 0.049000 0.059000
1 0.401500 0.435500 0.061000 0.053000
1 0.263000 0.142500 0.084000 0.079000
1 0.456500 0.845000 0.071000 0.062000
1 0.567000 0.646000 0.066000 0.066000
1 0.588000 0.318000 0.044000 0.054000
1 0.702000 0.969000 0.056000 0.042000
1 0.944500 0.904500 0.049000 0.057000
1 0.608500 0.941000 0.047000 0.072000
1 0.646000 0.493500 0.048000 0.081000
1 0.833000 0.754500 0.066000 0.061000
1 0.722000 0.742500 0.036000 0.069000
1 0.527000 0.852000 0.060000 0.042000
1 0.237500 0.445500 0.057000 0.069000
1 0.152000 0.365000 0.074000 0.076000
1 0.193500 0.085000 0.045000 0.044000
1 0.673500 0.145500 0.071000 0.089000
1 0.534000 0.967000 0.070000 0.064000
1 0.961000 0.608000 0.038000 0.058000
1 0.678500 0.835500 0.047000 0.047000
1 0.039500 0.474000 0.059000 0.056000
1 0.183500 0.165500 0.047000 0.047000
1 0.197500 0.041000 0.067000 0.064000
1 0.235000 0.541500 0.042000 0.045000
1 0.343500 0.921000 0.039000 0.050000
1 0.688500 0.344500 0.049000 0.045000
1 0.606500 0.749500 0.051000 0.041000
1 0.724000 0.128500 0.052000 0.047000
1 0.479500 0.528000 0.059000 0.042000
1 0.295500 0.932500 0.059000 0.103000
1 0.340000 0.530500 0.054000 0.067000
1 0.920500 0.980500 0.073000 0.037000
1 0.115000 0.926000 0.060000 0.056000
1 0.280000 0.564500 0.064000 0.057000
1 0.369000 0.936500 0.050000 0.057000
1 0.739500 0.635000 0.053000 0.044000
1 0.637000 0.629000 0.050000 0.042000
1 0.609500 0.253500 0.057000 0.065000
1 0.236000 0.932500 0.074000 0.063000
1 0.898500 0.906500 0.035000 0.057000
1 0.949000 0.662500 0.052000 0.053000
1 0.432000 0.283500 0.052000 0.059000
1 0.779000 0.390500 0.090000 0.079000
1 0.835500 0.657000 0.047000 0.044000
1 0.125500 0.162500 0.059000 0.073000
1 0.583000 0.419500 0.068000 0.047000
2 0.934500 0.465500 0.055000 0.047000
1 0.326500 0.972500 0.039000 0.049000
1 0.766500 0.210500 0.057000 0.057000
1 0.331500 0.377500 0.069000 0.071000
1 0.190500 0.532000 0.053000 0.044000
1 0.671000 0.690000 0.062000 0.032000
1 0.394000 0.519000 0.064000 0.054000
1 0.233500 0.287500 0.063000 0.045000
1 0.672500 0.054500 0.053000 0.041000
1 0.803000 0.960000 0.062000 0.040000
1 0.408500 0.959000 0.051000 0.044000
1 0.085000 0.326000 0.046000 0.048000
1 0.654500 0.926000 0.055000 0.042000
1 0.886000 0.765500 0.060000 0.069000
1 0.795500 0.454000 0.047000 0.090000
1 0.362000 0.420000 0.028000 0.044000
1 0.106000 0.561000 0.064000 0.048000
1 0.512500 0.296000 0.071000 0.052000
1 0.526000 0.743500 0.032000 0.033000
1 0.625000 0.204000 0.068000 0.074000
1 0.469000 0.353500 0.050000 0.047000
1 0.248000 0.338000 0.098000 0.076000
1 0.211500 0.577500 0.059000 0.057000
1 0.075000 0.409500 0.048000 0.047000
1 0.879000 0.286500 0.074000 0.067000
1 0.332000 0.576000 0.080000 0.050000
1 0.342000 0.254000 0.054000 0.064000
1 0.109500 0.502000 0.047000 0.054000
1 0.968000 0.428000 0.056000 0.074000
1 0.033500 0.301500 0.057000 0.057000
1 0.046500 0.215000 0.073000 0.056000
1 0.031500 0.538000 0.049000 0.056000
1 0.868000 0.614000 0.048000 0.036000
1 0.858500 0.086500 0.051000 0.055000
1 0.761000 0.836500 0.056000 0.041000