1 0.873500 0.373000 0.059000 0.088000
1 0.836000 0.892500 0.074000 0.075000
1 0.159500 0.170000 0.145000 0.054000
1 0.931000 0.231500 0.086000 0.053000
1 0.539000 0.925000 0.050000 0.050000
1 0.765000 0.653000 0.072000 0.056000
1 0.087000 0.450000 0.080000 0.052000
1 0.670000 0.399500 0.092000 0.057000
1 0.688000 0.930500 0.082000 0.085000
1 0.742500 0.978500 0.049000 0.037000
1 0.835000 0.959500 0.054000 0.047000
1 0.675500 0.062500 0.077000 0.091000
1 0.219000 0.423000 0.076000 0.056000
1 0.178500 0.729500 0.083000 0.071000
1 0.367500 0.933000 0.087000 0.070000
1 0.685000 0.226500 0.062000 0.075000
1 0.956500 0.408000 0.085000 0.038000
1 0.791000 0.972000 0.046000 0.042000
1 0.412500 0.691000 0.085000 0.056000
1 0.418000 0.403500 0.086000 0.061000
1 0.585500 0.649000 0.089000 0.054000