1 0.108000 0.201500 0.122000 0.063000
1 0.324500 0.785000 0.147000 0.108000
1 0.938500 0.793500 0.121000 0.095000
1 0.420000 0.458000 0.140000 0.094000
1 0.105500 0.130500 0.127000 0.093000
1 0.757500 0.763000 0.133000 0.104000
1 0.085000 0.251000 0.092000 0.050000
1 0.580500 0.465000 0.143000 0.114000
1 0.080000 0.449500 0.146000 0.121000
1 0.248500 0.145000 0.153000 0.094000
1 0.782500 0.473500 0.153000 0.141000
1 0.746000 0.141500 0.104000 0.091000
1 0.957000 0.138000 0.084000 0.074000
1 0.259500 0.422000 0.125000 0.100000
1 0.584500 0.788500 0.111000 0.081000
1 0.233500 0.243500 0.083000 0.039000
1 0.783500 0.268000 0.071000 0.068000