1 0.717000 0.456000 0.106000 0.112000
1 0.749000 0.577000 0.070000 0.062000
1 0.082000 0.239000 0.092000 0.082000
1 0.859000 0.955000 0.090000 0.086000
1 0.040000 0.034000 0.048000 0.052000
1 0.126000 0.925000 0.068000 0.062000
1 0.460000 0.537000 0.104000 0.094000
1 0.178000 0.502000 0.076000 0.072000
1 0.062000 0.484000 0.060000 0.064000
1 0.310000 0.891000 0.080000 0.082000
1 0.398000 0.121000 0.188000 0.142000
1 0.148000 0.399000 0.076000 0.070000
1 0.344000 0.381000 0.108000 0.098000
1 0.658000 0.948000 0.096000 0.088000
1 0.613000 0.220000 0.070000 0.088000
1 0.286000 0.631000 0.080000 0.090000
1 0.426000 0.885000 0.076000 0.082000
1 0.577000 0.814000 0.062000 0.064000
1 0.938000 0.841000 0.112000 0.106000
1 0.216000 0.830000 0.060000 0.068000
1 0.277000 0.439000 0.086000 0.090000