1 0.505000 0.198500 0.042000 0.041000
1 0.904500 0.531500 0.043000 0.043000
1 0.275500 0.621000 0.047000 0.046000
1 0.847500 0.762500 0.063000 0.051000
1 0.882500 0.324500 0.069000 0.061000
1 0.617500 0.854500 0.047000 0.029000
1 0.498500 0.517500 0.045000 0.031000
1 0.445000 0.742500 0.062000 0.055000
1 0.049000 0.384500 0.048000 0.055000
1 0.588500 0.914000 0.041000 0.040000
1 0.661000 0.337500 0.028000 0.061000
1 0.090000 0.391000 0.030000 0.032000
1 0.878500 0.241000 0.041000 0.040000
1 0.510000 0.986000 0.054000 0.026000
1 0.760500 0.891500 0.045000 0.061000
1 0.948000 0.648500 0.090000 0.069000
1 0.582000 0.760000 0.046000 0.052000
1 0.181500 0.650500 0.045000 0.063000
1 0.331500 0.631500 0.051000 0.037000
1 0.257000 0.318000 0.022000 0.034000
1 0.103000 0.121500 0.044000 0.045000
1 0.281500 0.352500 0.035000 0.029000
1 0.444500 0.236500 0.051000 0.047000
1 0.470500 0.905000 0.051000 0.058000
1 0.086000 0.025000 0.054000 0.042000
1 0.201500 0.605500 0.081000 0.043000
1 0.069500 0.492500 0.045000 0.041000
1 0.215000 0.757500 0.058000 0.049000
1 0.942500 0.721500 0.079000 0.055000
1 0.955500 0.786000 0.079000 0.068000
1 0.317500 0.727000 0.057000 0.062000
1 0.636000 0.508500 0.050000 0.045000
1 0.459000 0.789000 0.036000 0.024000
1 0.526000 0.895500 0.038000 0.059000
1 0.609000 0.248500 0.046000 0.033000
1 0.963000 0.220500 0.052000 0.049000
1 0.218500 0.558500 0.037000 0.045000
1 0.697000 0.906500 0.058000 0.043000
1 0.462000 0.648500 0.046000 0.051000
1 0.528000 0.665500 0.050000 0.027000
1 0.821500 0.518500 0.055000 0.061000
1 0.189000 0.472000 0.042000 0.026000