1 0.961000 0.522000 0.050000 0.026000
2 0.331000 0.024500 0.028000 0.019000
2 0.680500 0.247000 0.019000 0.018000
2 0.399000 0.669500 0.022000 0.025000
2 0.689000 0.215000 0.038000 0.028000
1 0.237500 0.055500 0.045000 0.041000
1 0.982500 0.222500 0.033000 0.043000
2 0.176500 0.075500 0.027000 0.027000
1 0.844000 0.197000 0.044000 0.032000
1 0.139000 0.141500 0.040000 0.015000
2 0.113500 0.771000 0.025000 0.030000
1 0.257000 0.530000 0.040000 0.034000
2 0.344500 0.414000 0.033000 0.024000
2 0.468500 0.236500 0.027000 0.023000
2 0.567000 0.109500 0.024000 0.035000
1 0.930500 0.763000 0.043000 0.036000
1 0.174500 0.662500 0.033000 0.021000
2 0.961000 0.728500 0.020000 0.015000
2 0.044000 0.916500 0.032000 0.029000
1 0.466000 0.186000 0.042000 0.032000
1 0.014000 0.117500 0.028000 0.035000
1 0.835000 0.745000 0.042000 0.032000
1 0.952000 0.348500 0.040000 0.025000
2 0.735000 0.586000 0.048000 0.038000
2 0.502500 0.027500 0.019000 0.019000
2 0.832000 0.514500 0.028000 0.025000
2 0.934500 0.310500 0.029000 0.019000