1 0.147000 0.533000 0.048000 0.064000
1 0.415500 0.264500 0.053000 0.047000
1 0.322500 0.542000 0.051000 0.074000
1 0.679000 0.342000 0.064000 0.040000
1 0.792500 0.042000 0.039000 0.034000
1 0.472000 0.369000 0.068000 0.040000
1 0.392500 0.401500 0.057000 0.043000
1 0.978500 0.355000 0.041000 0.068000
1 0.324000 0.117000 0.052000 0.042000
1 0.211000 0.622000 0.052000 0.074000
1 0.485500 0.160000 0.037000 0.028000
1 0.149000 0.316500 0.054000 0.043000
1 0.599500 0.339000 0.045000 0.026000
1 0.685000 0.046000 0.056000 0.042000
1 0.933000 0.098500 0.050000 0.041000
1 0.679500 0.592500 0.071000 0.129000
1 0.605000 0.045000 0.048000 0.034000