1 0.768500 0.391000 0.089000 0.060000
1 0.747500 0.800500 0.083000 0.063000
1 0.961000 0.361500 0.060000 0.053000
1 0.663000 0.350500 0.062000 0.057000
1 0.517000 0.548500 0.104000 0.077000
1 0.804000 0.201500 0.080000 0.067000
1 0.773500 0.707000 0.071000 0.052000
1 0.313500 0.271000 0.057000 0.054000
1 0.203500 0.070500 0.063000 0.053000
1 0.553500 0.238500 0.073000 0.059000
1 0.489500 0.386500 0.079000 0.069000
1 0.845500 0.410000 0.035000 0.058000
1 0.644500 0.138000 0.051000 0.042000
1 0.809500 0.326000 0.049000 0.046000
1 0.813000 0.927500 0.078000 0.077000
1 0.715500 0.152500 0.081000 0.055000
1 0.558500 0.455000 0.089000 0.084000
1 0.627500 0.030500 0.067000 0.047000
1 0.420000 0.589000 0.052000 0.042000
1 0.334000 0.193500 0.054000 0.041000
1 0.172500 0.307500 0.077000 0.057000
1 0.570000 0.943000 0.042000 0.038000
1 0.876000 0.349000 0.052000 0.048000
1 0.360500 0.458000 0.047000 0.038000
1 0.647500 0.565500 0.067000 0.049000
1 0.408000 0.192500 0.052000 0.041000
1 0.221500 0.252000 0.035000 0.038000
1 0.551500 0.699500 0.071000 0.053000
1 0.828500 0.669500 0.049000 0.049000
1 0.958000 0.464500 0.078000 0.071000
1 0.460500 0.683000 0.091000 0.078000
1 0.959500 0.174500 0.053000 0.035000
1 0.640000 0.976500 0.092000 0.045000
1 0.962500 0.309500 0.035000 0.031000
1 0.623000 0.269000 0.042000 0.056000
1 0.560000 0.862000 0.046000 0.042000
1 0.530500 0.796000 0.065000 0.050000
1 0.750500 0.607000 0.069000 0.062000
1 0.831000 0.038000 0.066000 0.046000
1 0.666500 0.666500 0.065000 0.065000