1 0.189000 0.793000 0.070000 0.078000
1 0.157000 0.284000 0.102000 0.088000
1 0.537000 0.183000 0.058000 0.054000
1 0.663000 0.429000 0.030000 0.022000
1 0.367000 0.956000 0.070000 0.084000
1 0.826000 0.969000 0.076000 0.054000
1 0.558000 0.677000 0.096000 0.070000
1 0.488000 0.462000 0.044000 0.040000
1 0.909000 0.706000 0.082000 0.092000
1 0.368000 0.369000 0.072000 0.098000
1 0.940000 0.126000 0.080000 0.068000
1 0.914000 0.581000 0.068000 0.062000
1 0.982000 0.581000 0.032000 0.050000
1 0.468000 0.366000 0.064000 0.048000
1 0.392000 0.128000 0.080000 0.072000