1 0.284500 0.659000 0.051000 0.034000
1 0.958000 0.570000 0.046000 0.070000
1 0.387000 0.125000 0.036000 0.032000
1 0.421500 0.915000 0.047000 0.038000
1 0.187000 0.679500 0.042000 0.029000
1 0.039000 0.932000 0.040000 0.034000
1 0.370500 0.022500 0.039000 0.043000
1 0.725000 0.645500 0.052000 0.063000
1 0.974500 0.672000 0.041000 0.054000
1 0.403500 0.549500 0.029000 0.035000
1 0.828000 0.424000 0.048000 0.038000
1 0.623500 0.724000 0.047000 0.052000
1 0.576000 0.266500 0.054000 0.049000
1 0.880000 0.662000 0.050000 0.052000
1 0.601000 0.630000 0.044000 0.062000
1 0.446500 0.477000 0.051000 0.054000
1 0.571000 0.341000 0.068000 0.066000
1 0.730500 0.019000 0.047000 0.038000
1 0.537500 0.397000 0.037000 0.050000
1 0.145000 0.904500 0.046000 0.035000
1 0.882000 0.511000 0.032000 0.042000
1 0.590500 0.485500 0.045000 0.039000
1 0.491500 0.872000 0.043000 0.044000
1 0.588500 0.141000 0.029000 0.042000
1 0.513500 0.088000 0.063000 0.090000
1 0.589000 0.208500 0.056000 0.063000
1 0.048000 0.833000 0.058000 0.044000
1 0.539000 0.448500 0.042000 0.039000