1 0.640000 0.783000 0.090000 0.088000
1 0.279000 0.108000 0.076000 0.076000
1 0.021500 0.448000 0.043000 0.068000
1 0.644000 0.384500 0.054000 0.051000
1 0.419000 0.527000 0.056000 0.068000
1 0.338000 0.497500 0.042000 0.045000
1 0.091000 0.035000 0.050000 0.036000
1 0.608500 0.254500 0.099000 0.091000
1 0.330500 0.551500 0.041000 0.043000
1 0.688000 0.429000 0.060000 0.064000
1 0.032000 0.511000 0.036000 0.036000
1 0.462000 0.803500 0.076000 0.081000
1 0.515000 0.719000 0.084000 0.080000
1 0.772500 0.439000 0.109000 0.060000
1 0.071000 0.300500 0.062000 0.063000
1 0.445500 0.430000 0.067000 0.066000
1 0.293500 0.499000 0.039000 0.044000
1 0.606000 0.163500 0.042000 0.043000
1 0.117500 0.792500 0.047000 0.081000
1 0.882500 0.148000 0.049000 0.040000
1 0.291500 0.551500 0.037000 0.043000
1 0.288000 0.672500 0.066000 0.073000
1 0.821500 0.766500 0.059000 0.055000
1 0.406500 0.058000 0.081000 0.068000
1 0.381000 0.606000 0.064000 0.048000
1 0.655000 0.616500 0.088000 0.099000
1 0.218000 0.534500 0.066000 0.071000
1 0.496500 0.030000 0.047000 0.060000
1 0.290000 0.332000 0.066000 0.070000
1 0.114000 0.483500 0.050000 0.059000
1 0.729000 0.213500 0.044000 0.063000