1 0.243000 0.743500 0.072000 0.103000
1 0.608000 0.228500 0.062000 0.065000
1 0.073500 0.483000 0.067000 0.054000
1 0.019000 0.474500 0.038000 0.073000
1 0.671000 0.227000 0.068000 0.062000
1 0.721500 0.217500 0.051000 0.069000
1 0.637000 0.392000 0.060000 0.092000
1 0.179500 0.674500 0.061000 0.051000
1 0.402500 0.484500 0.077000 0.057000
1 0.580000 0.395000 0.062000 0.098000
1 0.330500 0.629000 0.049000 0.072000
1 0.982000 0.049000 0.034000 0.088000
1 0.469000 0.292000 0.078000 0.066000
1 0.140000 0.070500 0.072000 0.055000
1 0.917500 0.055500 0.067000 0.049000
1 0.671000 0.293500 0.032000 0.053000
1 0.377500 0.082000 0.065000 0.060000
1 0.702500 0.391500 0.071000 0.083000
1 0.091000 0.624500 0.050000 0.039000
1 0.521500 0.494000 0.073000 0.076000
1 0.914000 0.912000 0.078000 0.092000
1 0.338000 0.496500 0.062000 0.053000
1 0.159500 0.742500 0.069000 0.073000
1 0.750000 0.488000 0.066000 0.060000
1 0.062500 0.041500 0.071000 0.049000
1 0.769000 0.054500 0.078000 0.101000
1 0.263500 0.639500 0.089000 0.083000
1 0.323500 0.434500 0.041000 0.039000
1 0.766500 0.906000 0.085000 0.076000
1 0.171500 0.318000 0.085000 0.088000
1 0.762000 0.290500 0.060000 0.077000
1 0.411000 0.201000 0.062000 0.074000
1 0.178000 0.478500 0.064000 0.087000
1 0.385000 0.638500 0.054000 0.047000
1 0.038000 0.214000 0.074000 0.090000
1 0.271000 0.481500 0.080000 0.057000
1 0.594500 0.292500 0.085000 0.083000
1 0.458000 0.813000 0.074000 0.062000
1 0.645500 0.912500 0.051000 0.077000
1 0.358000 0.196500 0.048000 0.045000
1 0.680000 0.480000 0.068000 0.066000
1 0.649500 0.056500 0.071000 0.079000
1 0.472500 0.741500 0.107000 0.085000
1 0.070000 0.925500 0.056000 0.045000
1 0.657500 0.814500 0.097000 0.067000
1 0.311000 0.050000 0.068000 0.096000
1 0.715500 0.062500 0.075000 0.049000
1 0.726000 0.645000 0.056000 0.080000
1 0.278000 0.313500 0.070000 0.057000
1 0.159000 0.212000 0.072000 0.060000
1 0.768500 0.404000 0.053000 0.084000
1 0.593000 0.914000 0.054000 0.052000
1 0.472500 0.641500 0.099000 0.109000
1 0.175500 0.628000 0.069000 0.042000
1 0.453000 0.061500 0.088000 0.055000
1 0.574500 0.069500 0.073000 0.085000
1 0.708000 0.290500 0.048000 0.037000
1 0.070000 0.411000 0.074000 0.076000
1 0.530000 0.229000 0.070000 0.092000
1 0.209000 0.041500 0.062000 0.071000
1 0.193500 0.858500 0.087000 0.067000
1 0.051000 0.794000 0.048000 0.048000
1 0.260500 0.901500 0.055000 0.051000
1 0.097000 0.234500 0.056000 0.047000
1 0.787000 0.219500 0.076000 0.109000
1 0.470000 0.434000 0.076000 0.094000
1 0.014500 0.621500 0.029000 0.061000
1 0.628500 0.654000 0.121000 0.094000