1 0.665000 0.330000 0.034000 0.048000
1 0.713000 0.454000 0.054000 0.048000
2 0.057000 0.547000 0.054000 0.058000
1 0.159000 0.201000 0.066000 0.054000
1 0.159000 0.627000 0.074000 0.074000
1 0.251000 0.735000 0.034000 0.042000
1 0.499000 0.689000 0.050000 0.070000
2 0.030000 0.415000 0.056000 0.078000
1 0.250000 0.293000 0.056000 0.058000
1 0.286000 0.678000 0.032000 0.044000
1 0.209000 0.310000 0.078000 0.052000
2 0.035000 0.242000 0.062000 0.056000
1 0.674000 0.842000 0.052000 0.056000
1 0.671000 0.782000 0.054000 0.052000
2 0.047000 0.498000 0.066000 0.072000
2 0.024000 0.328000 0.048000 0.068000
2 0.060000 0.300000 0.060000 0.044000
1 0.176000 0.057000 0.048000 0.062000