1 0.283000 0.452500 0.086000 0.065000
1 0.710000 0.227500 0.074000 0.067000
1 0.944000 0.144500 0.086000 0.071000
1 0.083500 0.401000 0.075000 0.068000
1 0.420500 0.353500 0.061000 0.051000
1 0.423000 0.221500 0.080000 0.123000
1 0.077000 0.974500 0.064000 0.045000
1 0.197000 0.157000 0.062000 0.038000
1 0.920000 0.025500 0.040000 0.051000
1 0.495500 0.353500 0.067000 0.043000
1 0.588500 0.226000 0.053000 0.046000
1 0.982500 0.412500 0.033000 0.035000
1 0.742500 0.303500 0.043000 0.037000
1 0.438500 0.121000 0.061000 0.050000
1 0.354000 0.202000 0.072000 0.058000
1 0.912500 0.279000 0.057000 0.060000
1 0.672000 0.423500 0.064000 0.097000
1 0.652500 0.337000 0.037000 0.030000