1 0.664500 0.236000 0.069000 0.048000
1 0.596500 0.791500 0.061000 0.051000
1 0.803500 0.871000 0.093000 0.076000
1 0.396500 0.290000 0.051000 0.050000
1 0.636500 0.297500 0.065000 0.057000
1 0.733000 0.218500 0.062000 0.049000
1 0.701500 0.543000 0.063000 0.056000
1 0.095000 0.574500 0.060000 0.045000
1 0.269500 0.403000 0.071000 0.074000
1 0.829000 0.538000 0.080000 0.062000
1 0.032500 0.329500 0.061000 0.051000
1 0.701500 0.663500 0.061000 0.063000
1 0.149000 0.325000 0.040000 0.060000
1 0.021000 0.568500 0.038000 0.039000
1 0.436000 0.888000 0.050000 0.054000
1 0.344500 0.946500 0.063000 0.065000
1 0.345000 0.734500 0.068000 0.061000
1 0.235000 0.744500 0.042000 0.073000
1 0.462500 0.854000 0.037000 0.042000
1 0.545500 0.494500 0.059000 0.053000
1 0.690000 0.828000 0.114000 0.094000