1 0.165000 0.574500 0.072000 0.051000
1 0.869000 0.666000 0.052000 0.046000
1 0.624500 0.715000 0.057000 0.048000
1 0.264000 0.963000 0.086000 0.072000
1 0.541000 0.770500 0.092000 0.101000
1 0.051500 0.678000 0.049000 0.046000
1 0.500500 0.970000 0.061000 0.058000
1 0.710000 0.744000 0.068000 0.072000
1 0.976000 0.314000 0.046000 0.046000
1 0.036000 0.824500 0.072000 0.065000
1 0.063500 0.632000 0.035000 0.038000
1 0.858500 0.845000 0.057000 0.064000
1 0.788500 0.932500 0.053000 0.055000
1 0.923500 0.721500 0.053000 0.053000