1 0.374000 0.176000 0.084000 0.064000
1 0.577000 0.626000 0.106000 0.112000
2 0.333000 0.094000 0.058000 0.056000
1 0.612000 0.503000 0.068000 0.070000
1 0.518000 0.899000 0.088000 0.082000
2 0.260000 0.109000 0.064000 0.054000
1 0.058000 0.188000 0.052000 0.048000
1 0.253000 0.565000 0.046000 0.026000
1 0.048000 0.977000 0.052000 0.042000
1 0.439000 0.242000 0.070000 0.064000
1 0.303000 0.297000 0.062000 0.042000
1 0.444000 0.318000 0.040000 0.028000
1 0.573000 0.438000 0.034000 0.020000
1 0.171000 0.340000 0.098000 0.080000
1 0.151000 0.291000 0.070000 0.050000
1 0.614000 0.863000 0.096000 0.082000
1 0.908000 0.733000 0.064000 0.062000
1 0.112000 0.974000 0.052000 0.048000
1 0.743000 0.478000 0.046000 0.072000
1 0.233000 0.500000 0.058000 0.060000
1 0.748000 0.550000 0.052000 0.056000