1 0.061000 0.383500 0.082000 0.115000
1 0.609500 0.029000 0.275000 0.058000
1 0.487500 0.125500 0.125000 0.133000
1 0.925000 0.765000 0.128000 0.104000
1 0.491500 0.436000 0.165000 0.206000
1 0.768000 0.349500 0.130000 0.429000
1 0.085500 0.381000 0.171000 0.358000
1 0.295000 0.050500 0.130000 0.059000
1 0.326000 0.436000 0.056000 0.050000
1 0.742500 0.836000 0.175000 0.116000
1 0.476000 0.909000 0.112000 0.096000
1 0.689500 0.084000 0.123000 0.110000
1 0.079000 0.169500 0.158000 0.073000
1 0.580500 0.686000 0.185000 0.150000
1 0.546000 0.241000 0.202000 0.124000
1 0.176500 0.066000 0.117000 0.048000
1 0.586500 0.089000 0.083000 0.076000
1 0.084500 0.595500 0.169000 0.065000