1 0.236000 0.643000 0.068000 0.074000
1 0.041500 0.689500 0.051000 0.053000
1 0.037500 0.187500 0.051000 0.063000
1 0.599500 0.660000 0.055000 0.056000
1 0.319000 0.121500 0.066000 0.069000
1 0.787500 0.328000 0.055000 0.036000
1 0.088500 0.418500 0.049000 0.069000
1 0.898000 0.756000 0.050000 0.056000
1 0.865500 0.491000 0.039000 0.036000
1 0.222500 0.517500 0.069000 0.077000
1 0.434000 0.887000 0.048000 0.028000
1 0.485500 0.530500 0.035000 0.043000
1 0.436500 0.784500 0.075000 0.065000
1 0.527000 0.392500 0.080000 0.069000
1 0.637500 0.757000 0.057000 0.056000
1 0.761000 0.512500 0.042000 0.053000
1 0.867500 0.649000 0.043000 0.040000
1 0.821000 0.082000 0.042000 0.060000
1 0.775500 0.649000 0.045000 0.052000
1 0.762500 0.892500 0.037000 0.063000
1 0.039500 0.294000 0.039000 0.060000
1 0.915000 0.922000 0.052000 0.074000
1 0.315000 0.783500 0.058000 0.053000
1 0.848500 0.220000 0.071000 0.070000
1 0.620000 0.519000 0.072000 0.070000
1 0.072500 0.957500 0.031000 0.043000
1 0.887500 0.394500 0.047000 0.047000
1 0.702500 0.085500 0.039000 0.039000
1 0.678000 0.196000 0.076000 0.090000
1 0.356000 0.648000 0.052000 0.096000
1 0.122000 0.188500 0.064000 0.067000
1 0.123500 0.306500 0.043000 0.053000
1 0.488500 0.272000 0.055000 0.080000
1 0.432000 0.414000 0.056000 0.050000
1 0.780500 0.817500 0.031000 0.041000
1 0.034500 0.800000 0.069000 0.060000
1 0.380000 0.544500 0.048000 0.071000
1 0.487000 0.646500 0.032000 0.041000
1 0.152000 0.813500 0.030000 0.049000