1 0.799500 0.898000 0.069000 0.068000
1 0.444500 0.509500 0.061000 0.065000
1 0.537500 0.510500 0.057000 0.067000
1 0.069000 0.940500 0.078000 0.049000
1 0.395000 0.431000 0.070000 0.056000
1 0.917500 0.381500 0.059000 0.073000
1 0.889000 0.569500 0.086000 0.047000
1 0.464500 0.561000 0.059000 0.060000
1 0.628000 0.187000 0.074000 0.074000
1 0.731500 0.932000 0.067000 0.054000
1 0.824500 0.160000 0.069000 0.050000
1 0.860000 0.793500 0.076000 0.043000
1 0.019500 0.232500 0.039000 0.043000
1 0.724000 0.267500 0.074000 0.081000
1 0.108000 0.512500 0.046000 0.065000
1 0.187000 0.238500 0.058000 0.075000
1 0.674000 0.542500 0.074000 0.091000
1 0.585000 0.899000 0.064000 0.074000
1 0.452500 0.026000 0.069000 0.052000
1 0.868000 0.908500 0.052000 0.059000
1 0.596500 0.807000 0.057000 0.050000
1 0.542500 0.725000 0.053000 0.062000