1 0.528000 0.868500 0.080000 0.075000
1 0.636000 0.026000 0.050000 0.038000
1 0.151000 0.475500 0.064000 0.081000
1 0.887000 0.353500 0.046000 0.033000
1 0.719500 0.116500 0.065000 0.051000
1 0.209000 0.606000 0.086000 0.106000
1 0.360000 0.246500 0.024000 0.019000
1 0.601500 0.645000 0.067000 0.046000
1 0.212000 0.340000 0.056000 0.050000
1 0.329500 0.606000 0.061000 0.048000
1 0.295000 0.945500 0.052000 0.031000
1 0.783500 0.388500 0.045000 0.053000
1 0.711500 0.243000 0.095000 0.104000
1 0.803500 0.280000 0.049000 0.072000
1 0.298000 0.881500 0.088000 0.079000
1 0.484500 0.751000 0.063000 0.072000
1 0.548000 0.781000 0.060000 0.066000
1 0.190000 0.042500 0.058000 0.061000
1 0.027500 0.490000 0.055000 0.048000
1 0.524000 0.493000 0.070000 0.064000
1 0.518500 0.160000 0.063000 0.048000
1 0.820500 0.704500 0.049000 0.039000
1 0.606500 0.905000 0.075000 0.086000
1 0.211000 0.184500 0.074000 0.065000
1 0.135000 0.638000 0.060000 0.044000
1 0.221500 0.298000 0.031000 0.022000
1 0.366000 0.289000 0.056000 0.052000