1 0.798500 0.605500 0.061000 0.061000
1 0.233500 0.451500 0.051000 0.039000
1 0.392000 0.421500 0.052000 0.039000
1 0.083500 0.057500 0.055000 0.047000
1 0.391000 0.270000 0.086000 0.080000
1 0.640500 0.509500 0.059000 0.061000
1 0.542000 0.564000 0.050000 0.056000
1 0.830500 0.890500 0.053000 0.041000
1 0.538000 0.256000 0.050000 0.046000
1 0.241000 0.555500 0.076000 0.049000
1 0.651000 0.827000 0.074000 0.084000
1 0.715000 0.632000 0.060000 0.046000
1 0.941000 0.846500 0.050000 0.047000
1 0.370500 0.738000 0.071000 0.062000
1 0.294000 0.458500 0.048000 0.045000
1 0.186000 0.358500 0.044000 0.045000
1 0.456500 0.785000 0.051000 0.042000
1 0.672000 0.216000 0.050000 0.046000
1 0.039500 0.688500 0.051000 0.043000
1 0.334500 0.395500 0.051000 0.045000
1 0.290000 0.753000 0.062000 0.076000
1 0.098000 0.704500 0.050000 0.043000
1 0.169000 0.557000 0.066000 0.048000
1 0.498500 0.305000 0.059000 0.058000
1 0.080000 0.354000 0.084000 0.056000
1 0.178000 0.515000 0.040000 0.034000
1 0.080500 0.309000 0.051000 0.048000
1 0.618000 0.351000 0.044000 0.050000