1 0.826000 0.100000 0.052000 0.064000
1 0.026000 0.818000 0.052000 0.072000
1 0.948000 0.512000 0.084000 0.052000
1 0.816000 0.417000 0.036000 0.042000
1 0.841000 0.701000 0.038000 0.054000
1 0.923000 0.556000 0.038000 0.048000
1 0.783000 0.707000 0.062000 0.062000
1 0.518000 0.562000 0.076000 0.068000
1 0.219000 0.623000 0.086000 0.074000
1 0.767000 0.625000 0.070000 0.082000
1 0.269000 0.873000 0.058000 0.054000
1 0.388000 0.382000 0.116000 0.072000
1 0.646000 0.835000 0.056000 0.058000
1 0.335000 0.765000 0.042000 0.046000
2 0.424000 0.703000 0.064000 0.070000
1 0.946000 0.659000 0.048000 0.046000
1 0.310000 0.655000 0.080000 0.062000
1 0.880000 0.424000 0.064000 0.072000
1 0.567000 0.726000 0.074000 0.064000
1 0.270000 0.248000 0.052000 0.048000
1 0.378000 0.264000 0.104000 0.040000
1 0.947000 0.951000 0.054000 0.050000
1 0.753000 0.897000 0.058000 0.054000
1 0.232000 0.343000 0.056000 0.070000
1 0.747000 0.143000 0.058000 0.050000
1 0.149000 0.225000 0.062000 0.062000
1 0.886000 0.683000 0.048000 0.074000
1 0.887000 0.486000 0.062000 0.032000
1 0.414000 0.881000 0.068000 0.058000
1 0.910000 0.146000 0.072000 0.060000
1 0.121000 0.341000 0.078000 0.102000
1 0.446000 0.967000 0.096000 0.062000
1 0.793000 0.231000 0.082000 0.094000
1 0.775000 0.969000 0.054000 0.058000
1 0.904000 0.263000 0.052000 0.046000
1 0.381000 0.511000 0.090000 0.098000
1 0.353000 0.867000 0.066000 0.058000
1 0.862000 0.214000 0.032000 0.048000
1 0.060000 0.541000 0.084000 0.074000
1 0.524000 0.433000 0.056000 0.058000
1 0.145000 0.696000 0.066000 0.068000
1 0.299000 0.080000 0.070000 0.056000
1 0.978000 0.330000 0.040000 0.064000
1 0.533000 0.845000 0.070000 0.062000
1 0.955000 0.881000 0.066000 0.046000
1 0.219000 0.726000 0.050000 0.052000
1 0.620000 0.164000 0.088000 0.132000
1 0.327000 0.208000 0.050000 0.068000
1 0.524000 0.917000 0.068000 0.074000
1 0.754000 0.302000 0.056000 0.048000
1 0.206000 0.501000 0.056000 0.058000
1 0.135000 0.846000 0.098000 0.068000
1 0.580000 0.346000 0.052000 0.072000
1 0.982000 0.413000 0.032000 0.046000
1 0.480000 0.366000 0.060000 0.040000
1 0.381000 0.945000 0.058000 0.058000
1 0.815000 0.472000 0.050000 0.060000
1 0.734000 0.507000 0.040000 0.054000
1 0.548000 0.795000 0.052000 0.058000
1 0.207000 0.066000 0.086000 0.104000
1 0.372000 0.311000 0.044000 0.066000
1 0.417000 0.594000 0.070000 0.084000
1 0.780000 0.398000 0.040000 0.040000
1 0.582000 0.632000 0.068000 0.060000
1 0.506000 0.156000 0.108000 0.156000
1 0.162000 0.575000 0.068000 0.082000
1 0.817000 0.350000 0.078000 0.048000
1 0.368000 0.673000 0.072000 0.074000
1 0.399000 0.443000 0.070000 0.062000
1 0.267000 0.926000 0.070000 0.056000
1 0.885000 0.554000 0.034000 0.044000
1 0.484000 0.636000 0.068000 0.056000
1 0.575000 0.442000 0.054000 0.056000
1 0.978000 0.694000 0.040000 0.032000