1 0.695500 0.231500 0.081000 0.055000
1 0.897500 0.441000 0.057000 0.044000
1 0.368000 0.244500 0.052000 0.057000
1 0.785000 0.064000 0.060000 0.064000
1 0.168000 0.761500 0.042000 0.049000
1 0.808500 0.412500 0.035000 0.041000
1 0.638500 0.088500 0.051000 0.073000
1 0.830500 0.451500 0.053000 0.051000
2 0.852000 0.337500 0.074000 0.079000
1 0.567500 0.411000 0.091000 0.070000
1 0.113000 0.796000 0.052000 0.048000
1 0.739500 0.924500 0.071000 0.071000
1 0.684000 0.088500 0.074000 0.053000
1 0.220000 0.127000 0.038000 0.056000
1 0.412500 0.436500 0.101000 0.061000
1 0.937500 0.229000 0.075000 0.068000
1 0.968000 0.313000 0.056000 0.064000
1 0.544000 0.069000 0.060000 0.044000
1 0.059000 0.735500 0.054000 0.049000
1 0.176500 0.423500 0.059000 0.073000
1 0.689000 0.390000 0.080000 0.058000
1 0.507000 0.536500 0.074000 0.075000
1 0.276500 0.249500 0.087000 0.061000
1 0.287000 0.156000 0.052000 0.072000
2 0.026000 0.651000 0.052000 0.076000
1 0.061500 0.430500 0.063000 0.079000
1 0.718000 0.132500 0.040000 0.051000
1 0.336500 0.537500 0.079000 0.057000
1 0.680000 0.493000 0.110000 0.094000
1 0.049000 0.229500 0.058000 0.047000
1 0.844000 0.946500 0.070000 0.081000