1 0.946000 0.278000 0.076000 0.048000
1 0.629000 0.546000 0.062000 0.088000
1 0.904000 0.537000 0.060000 0.050000
1 0.193000 0.810000 0.050000 0.056000
1 0.958000 0.365000 0.076000 0.058000
1 0.262000 0.979000 0.084000 0.038000
1 0.726000 0.275000 0.092000 0.082000
1 0.972000 0.154000 0.052000 0.072000
1 0.562000 0.792000 0.092000 0.092000
1 0.912000 0.954000 0.072000 0.084000
1 0.119000 0.902000 0.062000 0.072000
1 0.470000 0.455000 0.040000 0.046000
1 0.436000 0.578000 0.076000 0.076000
1 0.551000 0.430000 0.058000 0.084000
1 0.807000 0.183000 0.090000 0.082000
1 0.802000 0.659000 0.084000 0.070000
1 0.909000 0.154000 0.066000 0.084000
1 0.695000 0.204000 0.090000 0.068000
1 0.518000 0.295000 0.060000 0.074000
1 0.320000 0.842000 0.064000 0.104000
1 0.395000 0.111000 0.102000 0.146000
1 0.937000 0.766000 0.058000 0.092000
1 0.563000 0.082000 0.030000 0.060000
1 0.033000 0.830000 0.066000 0.068000