1 0.054500 0.583500 0.053000 0.047000
1 0.251000 0.251500 0.066000 0.055000
2 0.803000 0.360000 0.036000 0.030000
1 0.098500 0.564500 0.035000 0.045000
1 0.770500 0.227000 0.063000 0.046000
1 0.386000 0.873000 0.036000 0.038000
1 0.813000 0.898000 0.038000 0.040000
1 0.921000 0.367500 0.062000 0.051000
1 0.736000 0.539500 0.050000 0.027000
1 0.843000 0.700000 0.050000 0.046000
1 0.233000 0.625500 0.060000 0.045000
2 0.406500 0.950500 0.025000 0.039000
1 0.583000 0.487500 0.044000 0.057000
2 0.532000 0.215500 0.026000 0.027000
1 0.776000 0.609500 0.026000 0.039000