0 0.564000 0.258000 0.088000 0.104000
1 0.096000 0.034000 0.112000 0.068000
0 0.786000 0.057000 0.076000 0.078000
0 0.507000 0.296000 0.066000 0.096000
0 0.532000 0.586000 0.076000 0.080000
0 0.840000 0.105000 0.068000 0.082000
1 0.319000 0.826000 0.074000 0.052000
0 0.170000 0.562000 0.084000 0.068000
0 0.642000 0.457000 0.072000 0.102000
0 0.686000 0.395000 0.068000 0.082000
0 0.723000 0.338000 0.070000 0.064000
0 0.485000 0.654000 0.078000 0.100000
0 0.326000 0.429000 0.100000 0.094000
0 0.868000 0.033000 0.056000 0.066000
0 0.774000 0.282000 0.060000 0.056000
0 0.468000 0.331000 0.072000 0.090000
0 0.611000 0.221000 0.082000 0.074000
0 0.588000 0.528000 0.080000 0.080000