1 0.232000 0.089500 0.088000 0.095000
1 0.189500 0.195500 0.067000 0.073000
1 0.321000 0.223000 0.060000 0.074000
1 0.461000 0.417500 0.048000 0.045000
1 0.587000 0.297000 0.052000 0.062000
1 0.097500 0.071500 0.075000 0.083000
1 0.520000 0.279000 0.058000 0.056000
1 0.266000 0.321000 0.046000 0.054000
1 0.649000 0.232500 0.042000 0.043000
1 0.088000 0.869000 0.060000 0.072000
1 0.562500 0.222000 0.071000 0.048000
1 0.022500 0.651500 0.045000 0.051000
1 0.611000 0.101000 0.058000 0.050000
1 0.405000 0.292000 0.052000 0.056000
1 0.150000 0.388500 0.074000 0.089000
1 0.177000 0.899000 0.056000 0.030000
1 0.119500 0.958000 0.041000 0.044000