1 0.878000 0.584000 0.108000 0.092000
1 0.422000 0.079000 0.092000 0.082000
1 0.157000 0.870000 0.074000 0.060000
1 0.894000 0.937000 0.088000 0.086000
1 0.756000 0.278000 0.068000 0.064000
1 0.795000 0.205000 0.058000 0.046000
1 0.930000 0.354000 0.056000 0.064000
1 0.875000 0.347000 0.026000 0.054000
1 0.104000 0.182000 0.088000 0.060000
1 0.665000 0.484000 0.074000 0.076000
1 0.423000 0.251000 0.074000 0.086000
1 0.920000 0.797000 0.056000 0.042000
1 0.524000 0.262000 0.096000 0.076000
1 0.116000 0.115000 0.080000 0.074000
1 0.931000 0.074000 0.038000 0.056000
1 0.921000 0.515000 0.062000 0.058000