1 0.843500 0.324000 0.043000 0.034000
1 0.211500 0.258000 0.041000 0.038000
1 0.639000 0.201500 0.068000 0.057000
1 0.358500 0.926000 0.067000 0.052000
1 0.641000 0.856500 0.052000 0.037000
1 0.301500 0.277000 0.057000 0.050000
1 0.651000 0.775000 0.086000 0.062000
1 0.815500 0.950500 0.057000 0.055000
1 0.517000 0.324000 0.060000 0.046000
1 0.672500 0.467000 0.043000 0.042000
1 0.383000 0.402000 0.056000 0.050000
1 0.961500 0.294500 0.057000 0.043000
1 0.804000 0.597000 0.050000 0.040000
1 0.489000 0.913000 0.052000 0.062000
1 0.407000 0.221000 0.052000 0.042000