1 0.977000 0.691000 0.044000 0.040000
1 0.218000 0.770500 0.056000 0.041000
1 0.491000 0.619500 0.068000 0.051000
1 0.485000 0.862000 0.046000 0.042000
1 0.483000 0.452000 0.052000 0.040000
1 0.338500 0.762500 0.039000 0.035000
1 0.200000 0.576000 0.052000 0.046000
1 0.286000 0.816500 0.060000 0.035000
1 0.610000 0.573000 0.048000 0.042000
1 0.757500 0.339500 0.041000 0.033000
2 0.973500 0.349000 0.027000 0.026000
1 0.289500 0.582000 0.053000 0.046000
1 0.762000 0.657000 0.052000 0.040000
1 0.411500 0.517500 0.047000 0.037000