2 0.773500 0.018000 0.035000 0.024000
1 0.586500 0.295500 0.057000 0.043000
1 0.188000 0.456000 0.050000 0.042000
1 0.419500 0.161000 0.027000 0.052000
1 0.150000 0.864000 0.062000 0.046000
1 0.368500 0.575500 0.035000 0.039000
1 0.248500 0.810000 0.035000 0.036000
2 0.020500 0.063500 0.017000 0.021000
1 0.870500 0.707500 0.029000 0.019000
1 0.985000 0.765000 0.026000 0.064000
1 0.486500 0.382000 0.055000 0.058000
1 0.395000 0.531000 0.050000 0.044000
1 0.345000 0.500500 0.048000 0.045000
1 0.715000 0.898500 0.036000 0.033000
1 0.874500 0.580500 0.051000 0.059000
1 0.391500 0.489000 0.047000 0.032000
1 0.209000 0.126500 0.020000 0.025000
1 0.844000 0.861500 0.042000 0.039000
1 0.741500 0.147000 0.037000 0.026000
1 0.619000 0.032000 0.038000 0.056000
1 0.643500 0.897000 0.047000 0.036000
1 0.979500 0.961000 0.039000 0.042000
1 0.354500 0.414500 0.041000 0.033000
1 0.518500 0.071500 0.041000 0.035000
1 0.111000 0.578500 0.034000 0.029000
1 0.511000 0.444000 0.054000 0.046000
1 0.213500 0.374500 0.035000 0.037000
1 0.601000 0.983500 0.048000 0.031000
1 0.586500 0.563000 0.033000 0.034000
1 0.472000 0.931000 0.046000 0.046000
1 0.218500 0.207500 0.049000 0.027000
1 0.440000 0.388500 0.038000 0.059000
1 0.176500 0.323500 0.061000 0.047000
1 0.041500 0.968500 0.033000 0.033000
1 0.707500 0.253000 0.045000 0.044000
1 0.756000 0.186500 0.056000 0.051000
1 0.780000 0.659000 0.028000 0.024000