1 0.563000 0.751000 0.066000 0.054000
1 0.940000 0.180000 0.060000 0.060000
1 0.278000 0.828000 0.160000 0.120000
1 0.184000 0.545000 0.080000 0.050000
1 0.210000 0.639000 0.092000 0.086000
1 0.031000 0.501000 0.062000 0.062000
1 0.343000 0.267000 0.050000 0.050000
1 0.566000 0.697000 0.060000 0.042000
1 0.124000 0.348000 0.056000 0.064000
1 0.143000 0.193000 0.058000 0.066000
1 0.148000 0.450000 0.052000 0.060000
1 0.232000 0.267000 0.100000 0.066000
1 0.896000 0.900000 0.056000 0.028000
1 0.242000 0.910000 0.052000 0.056000
1 0.400000 0.875000 0.036000 0.042000
1 0.238000 0.444000 0.056000 0.072000
1 0.089000 0.252000 0.082000 0.076000
1 0.626000 0.654000 0.032000 0.048000
1 0.700000 0.824000 0.044000 0.048000