1 0.331000 0.554000 0.054000 0.058000
1 0.034500 0.847500 0.065000 0.065000
1 0.536000 0.079000 0.040000 0.074000
1 0.134500 0.436500 0.057000 0.051000
1 0.212500 0.485000 0.055000 0.052000
1 0.911000 0.391000 0.066000 0.058000
1 0.835000 0.074000 0.092000 0.110000
1 0.939500 0.572000 0.053000 0.056000
1 0.642500 0.069000 0.061000 0.062000
1 0.536500 0.946500 0.053000 0.055000
1 0.061500 0.391000 0.065000 0.054000
1 0.266500 0.514500 0.061000 0.057000
1 0.769500 0.955500 0.045000 0.033000
1 0.629500 0.659500 0.055000 0.053000
1 0.597000 0.159500 0.084000 0.099000
1 0.649500 0.247500 0.097000 0.071000