1 0.129000 0.568500 0.046000 0.039000
2 0.878500 0.770500 0.029000 0.029000
2 0.178000 0.494500 0.038000 0.043000
1 0.523000 0.785500 0.052000 0.039000
1 0.964000 0.477500 0.040000 0.035000
2 0.093500 0.360500 0.051000 0.039000
1 0.208000 0.287500 0.052000 0.033000
1 0.579000 0.582500 0.058000 0.049000
2 0.933000 0.052000 0.060000 0.050000
1 0.200000 0.544000 0.030000 0.042000
2 0.044500 0.368000 0.053000 0.044000
1 0.259500 0.697000 0.057000 0.048000
1 0.453000 0.473500 0.042000 0.033000
1 0.334500 0.505000 0.047000 0.036000