1 0.510500 0.387500 0.095000 0.067000
1 0.951500 0.139000 0.095000 0.104000
1 0.811500 0.803500 0.095000 0.067000
1 0.514500 0.178000 0.087000 0.090000
1 0.022500 0.925500 0.045000 0.057000
1 0.858000 0.681000 0.102000 0.070000
1 0.790000 0.468500 0.098000 0.067000
1 0.752500 0.279000 0.097000 0.078000
1 0.952500 0.335500 0.093000 0.111000
1 0.218000 0.703000 0.072000 0.088000
1 0.875000 0.032000 0.046000 0.042000
1 0.450000 0.650000 0.072000 0.094000
1 0.659000 0.431500 0.100000 0.073000
1 0.658000 0.229000 0.100000 0.088000
1 0.151000 0.973000 0.068000 0.052000
1 0.393500 0.873500 0.065000 0.085000
1 0.914500 0.512500 0.097000 0.069000
1 0.066000 0.287500 0.064000 0.077000
1 0.867000 0.299500 0.108000 0.089000
1 0.347000 0.353500 0.098000 0.067000
1 0.399500 0.152000 0.131000 0.102000
1 0.088000 0.615000 0.064000 0.060000
1 0.467500 0.235000 0.039000 0.038000
1 0.746500 0.037000 0.103000 0.074000
1 0.175500 0.311000 0.063000 0.084000
1 0.057000 0.745000 0.054000 0.056000