1 0.331000 0.378000 0.050000 0.060000
1 0.391000 0.541000 0.078000 0.090000
1 0.483000 0.649000 0.086000 0.086000
1 0.226000 0.913000 0.104000 0.070000
1 0.121000 0.465000 0.062000 0.058000
1 0.382000 0.734000 0.076000 0.076000
1 0.164000 0.813000 0.044000 0.098000
1 0.272000 0.431000 0.088000 0.066000
1 0.230000 0.840000 0.088000 0.068000
1 0.334000 0.046000 0.096000 0.092000
1 0.330000 0.910000 0.068000 0.092000
1 0.269000 0.388000 0.062000 0.028000
1 0.648000 0.590000 0.100000 0.100000
1 0.048000 0.923000 0.088000 0.078000
1 0.166000 0.736000 0.068000 0.056000
1 0.432000 0.457000 0.080000 0.098000
1 0.193000 0.960000 0.102000 0.076000
1 0.839000 0.819000 0.078000 0.098000
1 0.228000 0.757000 0.040000 0.034000
1 0.620000 0.878000 0.140000 0.192000
1 0.414000 0.898000 0.072000 0.104000
1 0.362000 0.629000 0.080000 0.078000
1 0.060000 0.701000 0.120000 0.070000
1 0.912000 0.912000 0.084000 0.112000
1 0.474000 0.113000 0.092000 0.098000
1 0.064000 0.462000 0.060000 0.064000
1 0.279000 0.352000 0.058000 0.048000
1 0.130000 0.032000 0.112000 0.064000
1 0.595000 0.574000 0.066000 0.064000
1 0.074000 0.801000 0.112000 0.070000
1 0.211000 0.611000 0.138000 0.074000
1 0.528000 0.226000 0.088000 0.096000