1 0.169000 0.489000 0.098000 0.094000
1 0.689000 0.970000 0.070000 0.056000
1 0.025000 0.218000 0.050000 0.240000
1 0.366000 0.883000 0.088000 0.070000
1 0.107000 0.389000 0.066000 0.058000
1 0.836000 0.345000 0.108000 0.094000
1 0.022000 0.401000 0.044000 0.050000
2 0.525000 0.783000 0.066000 0.114000
1 0.514000 0.248000 0.092000 0.068000
1 0.282000 0.864000 0.080000 0.112000
1 0.956000 0.411000 0.084000 0.090000
1 0.932000 0.702000 0.060000 0.052000
1 0.094000 0.679000 0.096000 0.178000
1 0.224000 0.652000 0.140000 0.104000
1 0.063000 0.494000 0.098000 0.064000
1 0.597000 0.787000 0.058000 0.074000