1 0.657000 0.366000 0.066000 0.064000
1 0.657000 0.960000 0.050000 0.076000
1 0.361000 0.021000 0.054000 0.034000
1 0.861000 0.282000 0.078000 0.040000
1 0.448000 0.718000 0.092000 0.076000
1 0.966000 0.132000 0.064000 0.068000
1 0.046000 0.155000 0.088000 0.038000
1 0.856000 0.221000 0.084000 0.050000
1 0.838000 0.068000 0.104000 0.044000
1 0.864000 0.391000 0.056000 0.050000
1 0.582000 0.337000 0.068000 0.070000
1 0.851000 0.130000 0.066000 0.060000
1 0.183000 0.040000 0.066000 0.028000
1 0.437000 0.055000 0.074000 0.070000
1 0.041000 0.584000 0.082000 0.092000
1 0.160000 0.112000 0.048000 0.040000
1 0.213000 0.837000 0.078000 0.098000
1 0.808000 0.853000 0.084000 0.078000
1 0.313000 0.156000 0.046000 0.044000
1 0.646000 0.084000 0.068000 0.092000
1 0.295000 0.846000 0.050000 0.100000
1 0.528000 0.832000 0.128000 0.076000
1 0.465000 0.340000 0.078000 0.068000
1 0.879000 0.489000 0.082000 0.074000
1 0.714000 0.231000 0.144000 0.094000