1 0.513000 0.768500 0.046000 0.047000
1 0.766500 0.482500 0.053000 0.055000
1 0.388000 0.203500 0.052000 0.043000
1 0.208500 0.293500 0.053000 0.035000
1 0.668500 0.145000 0.055000 0.048000
1 0.396500 0.163500 0.059000 0.039000
1 0.760500 0.156500 0.047000 0.039000
1 0.389500 0.902000 0.059000 0.046000
1 0.292000 0.570000 0.058000 0.072000
1 0.252000 0.881500 0.056000 0.065000
1 0.577500 0.333500 0.057000 0.041000
1 0.156500 0.168000 0.049000 0.054000
1 0.547500 0.981000 0.059000 0.036000
1 0.229000 0.553500 0.060000 0.057000
1 0.146500 0.732000 0.039000 0.036000
1 0.923500 0.945500 0.051000 0.049000
1 0.912500 0.040500 0.033000 0.033000
1 0.093000 0.881000 0.038000 0.030000
1 0.484500 0.494500 0.047000 0.041000
1 0.628000 0.758000 0.034000 0.062000
1 0.513000 0.191500 0.048000 0.053000
1 0.243000 0.488500 0.046000 0.061000
1 0.678500 0.278000 0.061000 0.032000
1 0.670500 0.908000 0.049000 0.050000
1 0.053500 0.441500 0.049000 0.047000
1 0.443500 0.249500 0.033000 0.039000
1 0.882500 0.724000 0.037000 0.074000
1 0.887500 0.609500 0.061000 0.057000
1 0.355500 0.585500 0.033000 0.053000
1 0.735500 0.105500 0.047000 0.039000
1 0.613000 0.280500 0.042000 0.081000
1 0.190000 0.453500 0.050000 0.055000
1 0.973000 0.288000 0.052000 0.058000
1 0.086500 0.060000 0.051000 0.072000
1 0.626500 0.112500 0.039000 0.039000
1 0.966500 0.015000 0.031000 0.030000
1 0.210500 0.748500 0.097000 0.063000
1 0.440000 0.693500 0.028000 0.041000
1 0.760000 0.924500 0.058000 0.039000
1 0.434000 0.480000 0.046000 0.058000
1 0.530500 0.925000 0.055000 0.066000
1 0.646500 0.486500 0.039000 0.067000
1 0.065000 0.572000 0.076000 0.060000
1 0.540000 0.621000 0.046000 0.046000
1 0.461500 0.383000 0.051000 0.048000
1 0.945000 0.401500 0.048000 0.031000
1 0.856000 0.772500 0.058000 0.041000
1 0.773500 0.595000 0.069000 0.106000
1 0.086000 0.180500 0.040000 0.039000
1 0.958000 0.457500 0.082000 0.039000
1 0.227000 0.967500 0.060000 0.043000
1 0.039500 0.907500 0.057000 0.043000
1 0.920000 0.234500 0.078000 0.073000
1 0.963500 0.526000 0.035000 0.030000
1 0.162500 0.882000 0.041000 0.032000
1 0.376500 0.765500 0.051000 0.053000
1 0.394500 0.690000 0.031000 0.040000
1 0.863500 0.935000 0.057000 0.054000
1 0.682500 0.372000 0.059000 0.050000
1 0.313000 0.733500 0.074000 0.101000
1 0.147000 0.275000 0.070000 0.050000
1 0.432000 0.032500 0.050000 0.039000
1 0.483000 0.607500 0.056000 0.053000
1 0.828000 0.224000 0.046000 0.060000
1 0.982500 0.214500 0.033000 0.035000
1 0.511000 0.288500 0.056000 0.041000
1 0.182000 0.537500 0.058000 0.053000
1 0.018500 0.292500 0.037000 0.065000
1 0.130000 0.977000 0.048000 0.044000
1 0.974000 0.585500 0.050000 0.049000
1 0.411500 0.103000 0.051000 0.040000
1 0.557000 0.285000 0.034000 0.042000
1 0.670000 0.708000 0.048000 0.030000
1 0.324500 0.179500 0.051000 0.037000
1 0.629000 0.209000 0.064000 0.068000
1 0.251500 0.394500 0.057000 0.047000
1 0.716000 0.152000 0.048000 0.040000
1 0.459000 0.908500 0.060000 0.055000
1 0.387000 0.247000 0.052000 0.048000
1 0.363500 0.354500 0.071000 0.045000
1 0.697500 0.674500 0.033000 0.037000
1 0.348500 0.023500 0.043000 0.047000
1 0.334000 0.909000 0.046000 0.070000
1 0.170000 0.590000 0.056000 0.058000
1 0.154500 0.681000 0.037000 0.064000
1 0.519000 0.687000 0.062000 0.058000
1 0.212000 0.218000 0.046000 0.054000
1 0.982000 0.167500 0.030000 0.035000
1 0.277500 0.065500 0.059000 0.053000
1 0.441500 0.766000 0.073000 0.054000
1 0.744500 0.765500 0.065000 0.047000
1 0.252000 0.206000 0.042000 0.054000
1 0.264000 0.135500 0.056000 0.051000
1 0.923500 0.152500 0.055000 0.043000
1 0.117000 0.487000 0.052000 0.048000
1 0.904500 0.012000 0.033000 0.024000
1 0.945000 0.735000 0.054000 0.044000
1 0.621000 0.046500 0.052000 0.039000
1 0.943000 0.067000 0.048000 0.052000
1 0.150500 0.341000 0.097000 0.058000
1 0.549000 0.557000 0.050000 0.060000
1 0.682500 0.754000 0.043000 0.060000
1 0.038000 0.137500 0.054000 0.083000
1 0.054000 0.723500 0.094000 0.049000
1 0.848000 0.394000 0.050000 0.042000
1 0.444500 0.324000 0.041000 0.038000
1 0.746000 0.358000 0.052000 0.034000
1 0.072000 0.393500 0.052000 0.047000
1 0.410500 0.614000 0.053000 0.050000
1 0.969500 0.632000 0.051000 0.038000
1 0.127000 0.432500 0.052000 0.051000
1 0.517500 0.254000 0.049000 0.040000
1 0.056000 0.525500 0.100000 0.065000
1 0.591000 0.404500 0.058000 0.053000