1 0.239000 0.050500 0.076000 0.057000
1 0.562500 0.599000 0.131000 0.090000
1 0.914000 0.357500 0.058000 0.061000
1 0.618500 0.763000 0.077000 0.078000
1 0.413500 0.109500 0.063000 0.061000
1 0.228000 0.137000 0.044000 0.050000
1 0.717000 0.856000 0.076000 0.064000
1 0.079500 0.693000 0.067000 0.062000
1 0.140500 0.858500 0.099000 0.089000
2 0.877500 0.321000 0.067000 0.072000
1 0.423000 0.864500 0.088000 0.099000
1 0.377500 0.227000 0.067000 0.064000
1 0.427000 0.600500 0.086000 0.075000
1 0.659500 0.026000 0.139000 0.052000