1 0.443000 0.071500 0.044000 0.079000
1 0.425000 0.015000 0.042000 0.028000
1 0.136000 0.618500 0.058000 0.055000
1 0.503000 0.448000 0.158000 0.106000
1 0.733000 0.020500 0.056000 0.041000
1 0.319000 0.562500 0.088000 0.087000
1 0.863500 0.271500 0.117000 0.105000
1 0.388000 0.256000 0.082000 0.090000
1 0.122500 0.672000 0.061000 0.036000
1 0.661500 0.231500 0.041000 0.053000
1 0.050500 0.531500 0.061000 0.035000
1 0.022500 0.018000 0.045000 0.034000
1 0.809500 0.122500 0.049000 0.035000
1 0.100000 0.137500 0.044000 0.045000
1 0.275000 0.913500 0.046000 0.039000
1 0.956000 0.100000 0.072000 0.052000
1 0.498500 0.063500 0.045000 0.049000
1 0.391000 0.534000 0.090000 0.098000
1 0.588500 0.052000 0.061000 0.056000
1 0.256000 0.123000 0.052000 0.040000
1 0.249500 0.262500 0.065000 0.061000
1 0.641000 0.921000 0.204000 0.104000
1 0.079000 0.266500 0.088000 0.079000
1 0.232500 0.023000 0.039000 0.046000
1 0.502000 0.345500 0.096000 0.065000
1 0.097000 0.387500 0.068000 0.069000
1 0.659000 0.038000 0.060000 0.048000
1 0.710000 0.135000 0.064000 0.040000
1 0.048500 0.467500 0.049000 0.045000
1 0.590000 0.222500 0.054000 0.045000
1 0.131500 0.488500 0.055000 0.075000
1 0.772000 0.381500 0.120000 0.105000
1 0.580500 0.163000 0.049000 0.058000
1 0.347500 0.083000 0.073000 0.046000
1 0.078500 0.033000 0.045000 0.066000
1 0.464000 0.225500 0.058000 0.065000