1 0.044500 0.690000 0.043000 0.042000
1 0.968000 0.317500 0.062000 0.079000
1 0.514500 0.283500 0.043000 0.043000
1 0.557000 0.331000 0.074000 0.066000
1 0.445500 0.160500 0.051000 0.051000
1 0.787500 0.124500 0.059000 0.047000
1 0.336500 0.935000 0.053000 0.046000
1 0.710500 0.027000 0.055000 0.054000
1 0.242500 0.919000 0.059000 0.048000
1 0.786500 0.295500 0.055000 0.053000
1 0.819500 0.958000 0.045000 0.048000
1 0.208500 0.680000 0.065000 0.064000
1 0.646000 0.842000 0.054000 0.066000
1 0.398500 0.768000 0.059000 0.044000
1 0.533500 0.233500 0.059000 0.049000
1 0.775500 0.033000 0.037000 0.040000
1 0.780000 0.429000 0.058000 0.060000
1 0.441500 0.722500 0.049000 0.059000
1 0.638000 0.336000 0.058000 0.066000
1 0.679000 0.404000 0.054000 0.050000
1 0.029500 0.865000 0.059000 0.058000
1 0.966500 0.687500 0.065000 0.067000
1 0.084000 0.710500 0.046000 0.041000
1 0.098000 0.505000 0.062000 0.062000
1 0.606500 0.920500 0.067000 0.063000
1 0.903500 0.158000 0.081000 0.074000
1 0.387000 0.091000 0.062000 0.062000
1 0.061500 0.389000 0.051000 0.048000