1 0.546000 0.069000 0.096000 0.082000
1 0.953000 0.790000 0.062000 0.052000
1 0.148000 0.303000 0.076000 0.042000
1 0.023000 0.334000 0.042000 0.048000
1 0.786000 0.886000 0.100000 0.068000
1 0.650000 0.780000 0.056000 0.056000
1 0.150000 0.095000 0.064000 0.062000
1 0.702000 0.845000 0.068000 0.066000
1 0.819000 0.450000 0.078000 0.044000
1 0.597000 0.715000 0.050000 0.038000
1 0.856000 0.588000 0.092000 0.068000
1 0.949000 0.059000 0.098000 0.114000
1 0.685000 0.136000 0.062000 0.052000
1 0.945000 0.710000 0.078000 0.064000
1 0.704000 0.510000 0.056000 0.052000
1 0.785000 0.229000 0.058000 0.038000
1 0.443000 0.818000 0.062000 0.056000
1 0.184000 0.219000 0.108000 0.066000
1 0.955000 0.201000 0.082000 0.106000
1 0.366000 0.822000 0.064000 0.052000
1 0.972000 0.567000 0.052000 0.070000
1 0.574000 0.767000 0.052000 0.042000
1 0.391000 0.543000 0.066000 0.050000
1 0.208000 0.734000 0.068000 0.052000
1 0.480000 0.502000 0.076000 0.080000
1 0.284000 0.418000 0.076000 0.068000
1 0.282000 0.132000 0.052000 0.044000
1 0.710000 0.333000 0.060000 0.086000