1 0.111000 0.567500 0.058000 0.101000
1 0.859500 0.042000 0.123000 0.074000
1 0.868500 0.644000 0.261000 0.160000
1 0.799500 0.885000 0.067000 0.034000
1 0.218500 0.813500 0.139000 0.033000
1 0.448000 0.074500 0.078000 0.057000
1 0.876500 0.372500 0.045000 0.067000
1 0.657000 0.056500 0.058000 0.053000
1 0.280000 0.341000 0.074000 0.062000
1 0.644000 0.351500 0.058000 0.047000
1 0.771500 0.512000 0.069000 0.074000
1 0.582000 0.062000 0.074000 0.050000
1 0.546500 0.586500 0.061000 0.043000
1 0.343000 0.498000 0.052000 0.062000
1 0.921000 0.880000 0.070000 0.034000
1 0.332000 0.071500 0.058000 0.045000