1 0.312000 0.673000 0.084000 0.106000
1 0.217000 0.396000 0.066000 0.068000
1 0.269000 0.510000 0.054000 0.076000
1 0.133000 0.655000 0.090000 0.106000
1 0.375000 0.273000 0.074000 0.066000
1 0.371000 0.789000 0.098000 0.094000
1 0.413000 0.140000 0.074000 0.076000
1 0.242000 0.585000 0.056000 0.058000
1 0.277000 0.261000 0.074000 0.058000
1 0.298000 0.441000 0.060000 0.066000
1 0.041000 0.887000 0.078000 0.146000
1 0.188000 0.473000 0.068000 0.066000
1 0.308000 0.204000 0.064000 0.068000
1 0.227000 0.750000 0.086000 0.096000
1 0.156000 0.544000 0.084000 0.076000
1 0.059000 0.055000 0.106000 0.094000