1 0.355000 0.350000 0.106000 0.112000
1 0.406000 0.594000 0.068000 0.072000
1 0.885000 0.383000 0.070000 0.130000
1 0.400000 0.740000 0.060000 0.052000
1 0.245000 0.694000 0.074000 0.064000
1 0.106000 0.980000 0.056000 0.036000
1 0.195000 0.736000 0.062000 0.048000
1 0.265000 0.486000 0.070000 0.060000
1 0.320000 0.203000 0.032000 0.034000
1 0.221000 0.968000 0.054000 0.044000
1 0.023000 0.795000 0.046000 0.046000
1 0.585000 0.200000 0.122000 0.084000
1 0.264000 0.025000 0.112000 0.046000
1 0.034000 0.291000 0.068000 0.106000
1 0.442000 0.779000 0.044000 0.042000
1 0.030000 0.850000 0.060000 0.072000
1 0.542000 0.091000 0.076000 0.090000
1 0.190000 0.304000 0.052000 0.060000
1 0.275000 0.421000 0.054000 0.058000
1 0.153000 0.686000 0.066000 0.064000
1 0.481000 0.106000 0.082000 0.104000
1 0.140000 0.344000 0.068000 0.084000
1 0.229000 0.808000 0.058000 0.060000
1 0.303000 0.283000 0.130000 0.102000
1 0.058000 0.148000 0.116000 0.092000
1 0.256000 0.859000 0.092000 0.070000
1 0.321000 0.583000 0.070000 0.054000
1 0.223000 0.917000 0.050000 0.058000
1 0.526000 0.606000 0.080000 0.076000
1 0.173000 0.559000 0.090000 0.082000
1 0.327000 0.957000 0.078000 0.074000
1 0.883000 0.280000 0.138000 0.136000
1 0.943000 0.478000 0.110000 0.112000
1 0.603000 0.395000 0.102000 0.114000
1 0.176000 0.816000 0.056000 0.068000
1 0.023000 0.465000 0.046000 0.070000
1 0.100000 0.369000 0.060000 0.066000
1 0.965000 0.358000 0.066000 0.120000
1 0.370000 0.531000 0.056000 0.054000
1 0.501000 0.813000 0.058000 0.058000
1 0.147000 0.900000 0.070000 0.056000
1 0.290000 0.783000 0.048000 0.062000
1 0.700000 0.104000 0.156000 0.208000
1 0.778000 0.359000 0.064000 0.066000
1 0.057000 0.664000 0.066000 0.064000
1 0.464000 0.699000 0.068000 0.066000
1 0.314000 0.528000 0.040000 0.040000
1 0.106000 0.792000 0.056000 0.040000