1 0.504500 0.601000 0.051000 0.034000
1 0.022500 0.044500 0.041000 0.069000
1 0.393000 0.328500 0.048000 0.047000
1 0.468000 0.722500 0.034000 0.041000
1 0.806500 0.044000 0.069000 0.076000
0 0.914500 0.926000 0.057000 0.062000
1 0.038000 0.833000 0.060000 0.066000
1 0.698500 0.787000 0.077000 0.050000
1 0.637000 0.033500 0.042000 0.043000
1 0.832000 0.166000 0.074000 0.052000
1 0.587000 0.256000 0.076000 0.052000
1 0.543500 0.303000 0.077000 0.054000
1 0.237000 0.521000 0.070000 0.066000
1 0.257000 0.791000 0.204000 0.240000
1 0.478500 0.048500 0.027000 0.057000
1 0.855000 0.644500 0.036000 0.049000
1 0.163000 0.586000 0.062000 0.064000
1 0.203000 0.958000 0.112000 0.082000
1 0.861500 0.267000 0.039000 0.046000
1 0.250000 0.178000 0.052000 0.048000
1 0.374000 0.282500 0.028000 0.041000
1 0.174000 0.367500 0.074000 0.077000
1 0.571000 0.043000 0.054000 0.046000
1 0.506000 0.805000 0.058000 0.074000
1 0.735000 0.363500 0.066000 0.067000
1 0.833000 0.797000 0.050000 0.054000
1 0.310000 0.423500 0.044000 0.051000
1 0.449500 0.770500 0.057000 0.029000
1 0.444500 0.892000 0.119000 0.128000
1 0.478500 0.496500 0.031000 0.059000
1 0.735000 0.216000 0.046000 0.028000
1 0.515500 0.454500 0.049000 0.045000
1 0.467000 0.210000 0.040000 0.048000
1 0.349500 0.612000 0.067000 0.044000
1 0.969500 0.189000 0.059000 0.116000