1 0.312500 0.690000 0.055000 0.066000
1 0.283000 0.603000 0.060000 0.054000
1 0.350000 0.772500 0.076000 0.075000
1 0.525000 0.796000 0.082000 0.072000
1 0.454500 0.836500 0.091000 0.073000
1 0.446500 0.614500 0.097000 0.071000
1 0.146000 0.606500 0.056000 0.075000
1 0.275500 0.543500 0.065000 0.059000
1 0.351000 0.538500 0.086000 0.059000
1 0.635000 0.952000 0.104000 0.044000
1 0.718500 0.153500 0.103000 0.071000
1 0.417000 0.526500 0.048000 0.063000
1 0.797500 0.298000 0.093000 0.078000
1 0.983000 0.394000 0.032000 0.044000
1 0.187000 0.588500 0.060000 0.059000
1 0.026500 0.106500 0.053000 0.085000
1 0.409500 0.376500 0.111000 0.117000
1 0.231500 0.616500 0.059000 0.081000
1 0.743000 0.732000 0.060000 0.072000
1 0.304000 0.452000 0.086000 0.076000
1 0.185500 0.664500 0.077000 0.065000
1 0.481000 0.914500 0.082000 0.061000