1 0.849500 0.980500 0.055000 0.037000
2 0.408500 0.899500 0.035000 0.031000
1 0.924000 0.058500 0.032000 0.029000
1 0.081500 0.548000 0.045000 0.042000
1 0.392500 0.239000 0.073000 0.080000
1 0.101500 0.775000 0.059000 0.056000
1 0.678500 0.050500 0.075000 0.065000
1 0.424500 0.189500 0.047000 0.027000
1 0.857500 0.727000 0.071000 0.062000
1 0.681500 0.252000 0.071000 0.068000
1 0.102000 0.243000 0.056000 0.052000
1 0.828500 0.451000 0.041000 0.050000
1 0.013000 0.671000 0.026000 0.026000
1 0.035500 0.893500 0.051000 0.041000
1 0.038000 0.818000 0.042000 0.034000
1 0.197000 0.274000 0.078000 0.058000
1 0.226500 0.645000 0.065000 0.048000
1 0.110000 0.908500 0.052000 0.037000
1 0.127500 0.657500 0.045000 0.033000
1 0.123000 0.208000 0.040000 0.026000
1 0.098500 0.466500 0.057000 0.051000
1 0.653500 0.424500 0.033000 0.033000
1 0.850500 0.503500 0.067000 0.049000
1 0.499000 0.691500 0.038000 0.033000
1 0.487500 0.263000 0.073000 0.184000
1 0.279000 0.915000 0.056000 0.044000