1 0.933000 0.112000 0.070000 0.064000
1 0.902000 0.799000 0.088000 0.070000
1 0.963000 0.428000 0.070000 0.072000
1 0.115000 0.636000 0.050000 0.056000
1 0.962000 0.974000 0.052000 0.048000
1 0.414000 0.333000 0.068000 0.082000
1 0.330000 0.363000 0.040000 0.066000
1 0.328000 0.629000 0.068000 0.078000
1 0.214000 0.041000 0.056000 0.038000
1 0.315000 0.772000 0.074000 0.076000
1 0.694000 0.414000 0.064000 0.080000
2 0.020000 0.714000 0.036000 0.064000
1 0.242000 0.198000 0.052000 0.056000
1 0.672000 0.739000 0.076000 0.074000
1 0.109000 0.532000 0.038000 0.036000
1 0.366000 0.950000 0.088000 0.060000
1 0.394000 0.150000 0.056000 0.052000
1 0.153000 0.450000 0.034000 0.040000
1 0.363000 0.448000 0.074000 0.068000
1 0.285000 0.349000 0.066000 0.062000
1 0.734000 0.939000 0.064000 0.078000
1 0.854000 0.112000 0.052000 0.040000
1 0.101000 0.887000 0.058000 0.070000
1 0.146000 0.316000 0.080000 0.064000
1 0.973000 0.371000 0.050000 0.058000
1 0.356000 0.233000 0.056000 0.058000
1 0.551000 0.796000 0.070000 0.080000
1 0.019000 0.124000 0.038000 0.048000
1 0.204000 0.349000 0.036000 0.046000
1 0.299000 0.550000 0.078000 0.056000
1 0.112000 0.979000 0.068000 0.038000
1 0.714000 0.252000 0.052000 0.072000
1 0.811000 0.051000 0.062000 0.070000
1 0.442000 0.735000 0.108000 0.074000
1 0.339000 0.117000 0.054000 0.070000
1 0.175000 0.534000 0.078000 0.056000
1 0.481000 0.660000 0.058000 0.048000
1 0.647000 0.119000 0.082000 0.074000
1 0.052000 0.228000 0.048000 0.056000
1 0.094000 0.453000 0.052000 0.046000
2 0.178000 0.195000 0.048000 0.046000
1 0.054000 0.376000 0.060000 0.056000
1 0.273000 0.477000 0.070000 0.066000
1 0.065000 0.524000 0.042000 0.056000
1 0.172000 0.627000 0.064000 0.074000
1 0.285000 0.974000 0.054000 0.048000
1 0.396000 0.017000 0.068000 0.034000
1 0.026000 0.456000 0.040000 0.032000
1 0.027000 0.174000 0.054000 0.040000
1 0.147000 0.023000 0.046000 0.046000
2 0.194000 0.458000 0.048000 0.040000
1 0.496000 0.903000 0.052000 0.054000