1 0.577000 0.236000 0.066000 0.064000
1 0.727500 0.539500 0.091000 0.083000
1 0.255500 0.456500 0.049000 0.071000
1 0.371500 0.262000 0.055000 0.058000
1 0.866500 0.414500 0.079000 0.085000
1 0.692500 0.193000 0.057000 0.052000
1 0.189000 0.503500 0.082000 0.061000
1 0.081500 0.154000 0.041000 0.046000
1 0.520500 0.313500 0.071000 0.091000
1 0.792500 0.943500 0.105000 0.085000
1 0.197500 0.325000 0.061000 0.060000
1 0.949000 0.372500 0.084000 0.093000
1 0.863000 0.685500 0.140000 0.093000
1 0.113500 0.337000 0.049000 0.054000
1 0.399500 0.374000 0.063000 0.096000
1 0.672000 0.926500 0.088000 0.073000
1 0.017500 0.383000 0.035000 0.036000
1 0.464500 0.338000 0.069000 0.096000