1 0.454000 0.684000 0.076000 0.064000
1 0.588000 0.731000 0.064000 0.050000
1 0.422000 0.063000 0.080000 0.090000
1 0.518000 0.755000 0.064000 0.054000
1 0.509000 0.862000 0.070000 0.060000
1 0.288000 0.105000 0.088000 0.090000
1 0.590000 0.191000 0.160000 0.146000
1 0.361000 0.555000 0.050000 0.046000
1 0.646000 0.697000 0.080000 0.078000
1 0.842000 0.585000 0.052000 0.046000
1 0.329000 0.898000 0.050000 0.040000
1 0.380000 0.350000 0.072000 0.036000
1 0.948000 0.110000 0.100000 0.200000
1 0.366000 0.277000 0.088000 0.098000
1 0.817000 0.306000 0.050000 0.052000
1 0.978000 0.634000 0.040000 0.060000
1 0.839000 0.825000 0.074000 0.082000
1 0.427000 0.612000 0.062000 0.044000
1 0.698000 0.381000 0.028000 0.050000
1 0.466000 0.781000 0.052000 0.050000
1 0.624000 0.563000 0.044000 0.034000
1 0.221000 0.776000 0.074000 0.068000
1 0.329000 0.471000 0.062000 0.054000
1 0.878000 0.728000 0.000000 0.000000
1 0.960000 0.707000 0.076000 0.074000
1 0.910000 0.974000 0.072000 0.048000
1 0.261000 0.535000 0.070000 0.066000
2 0.816000 0.529000 0.064000 0.062000
1 0.858000 0.644000 0.068000 0.052000
1 0.632000 0.232000 0.092000 0.064000
1 0.971000 0.319000 0.054000 0.062000
1 0.941000 0.268000 0.074000 0.076000
1 0.661000 0.458000 0.082000 0.080000
2 0.545000 0.516000 0.054000 0.052000
1 0.212000 0.858000 0.064000 0.048000
1 0.373000 0.181000 0.038000 0.030000
1 0.037000 0.745000 0.042000 0.046000
1 0.793000 0.981000 0.090000 0.034000
1 0.671000 0.887000 0.070000 0.070000
1 0.118000 0.351000 0.064000 0.066000
2 0.413000 0.506000 0.070000 0.060000
1 0.548000 0.579000 0.056000 0.054000
1 0.973000 0.511000 0.050000 0.066000
1 0.871000 0.291000 0.058000 0.062000
1 0.650000 0.631000 0.052000 0.038000
2 0.824000 0.747000 0.064000 0.050000
1 0.558000 0.905000 0.048000 0.034000
1 0.708000 0.663000 0.052000 0.050000
1 0.714000 0.716000 0.048000 0.052000
1 0.892000 0.728000 0.004000 0.000000
1 0.694000 0.596000 0.060000 0.060000
1 0.399000 0.433000 0.074000 0.058000
2 0.332000 0.829000 0.044000 0.038000
1 0.788000 0.367000 0.032000 0.050000
1 0.689000 0.752000 0.054000 0.048000
1 0.025000 0.800000 0.050000 0.044000
1 0.246000 0.908000 0.060000 0.044000
1 0.487000 0.370000 0.094000 0.084000
1 0.539000 0.950000 0.078000 0.064000
1 0.463000 0.972000 0.070000 0.052000
1 0.884000 0.721000 0.076000 0.070000
1 0.918000 0.796000 0.080000 0.084000
1 0.465000 0.296000 0.074000 0.072000