1 0.306500 0.532500 0.035000 0.047000
1 0.316000 0.755500 0.030000 0.045000
1 0.951000 0.336500 0.042000 0.061000
1 0.671500 0.636000 0.029000 0.066000
1 0.585500 0.545500 0.047000 0.059000
1 0.013500 0.927500 0.027000 0.027000
1 0.542500 0.026500 0.045000 0.045000
1 0.320000 0.691500 0.032000 0.049000
1 0.793000 0.701500 0.032000 0.053000
1 0.592500 0.467500 0.085000 0.079000
1 0.074500 0.592500 0.077000 0.069000
1 0.859000 0.575000 0.050000 0.056000
1 0.922500 0.814500 0.103000 0.095000
1 0.526000 0.630500 0.030000 0.055000
1 0.684500 0.564000 0.067000 0.058000
1 0.350000 0.622000 0.046000 0.054000
1 0.102500 0.323500 0.077000 0.099000
1 0.238500 0.462500 0.047000 0.055000
1 0.760000 0.581000 0.060000 0.024000
1 0.745500 0.633500 0.031000 0.051000
1 0.457500 0.160000 0.049000 0.082000
1 0.267500 0.623000 0.065000 0.048000
1 0.485000 0.455000 0.056000 0.072000
1 0.031000 0.752500 0.062000 0.069000
1 0.287000 0.876000 0.048000 0.038000
1 0.935500 0.937500 0.063000 0.067000
1 0.354000 0.850000 0.082000 0.102000
1 0.506000 0.547000 0.050000 0.062000
1 0.150000 0.624500 0.060000 0.059000
1 0.623500 0.257500 0.021000 0.041000
1 0.623000 0.208000 0.036000 0.038000
1 0.612500 0.629500 0.039000 0.055000
2 0.408500 0.283500 0.023000 0.035000
1 0.930500 0.407500 0.053000 0.069000
1 0.248500 0.522000 0.051000 0.042000
1 0.053000 0.529000 0.036000 0.034000
1 0.916000 0.333500 0.018000 0.033000
1 0.318000 0.404000 0.026000 0.048000
1 0.018000 0.600500 0.034000 0.059000
1 0.792000 0.324500 0.050000 0.065000