1 0.568000 0.771000 0.042000 0.056000
1 0.907000 0.559000 0.042000 0.050000
1 0.526500 0.890500 0.063000 0.071000
1 0.708500 0.511000 0.081000 0.072000
1 0.886000 0.926000 0.070000 0.062000
1 0.692500 0.384500 0.099000 0.067000
1 0.678500 0.892000 0.093000 0.082000
1 0.558500 0.831500 0.041000 0.059000
1 0.796500 0.739000 0.055000 0.062000
1 0.964500 0.567500 0.051000 0.063000
1 0.614000 0.649000 0.062000 0.052000
1 0.741000 0.974000 0.070000 0.050000
1 0.748000 0.243500 0.076000 0.093000
1 0.723000 0.145500 0.052000 0.051000
1 0.277500 0.062000 0.113000 0.124000
1 0.806500 0.031500 0.091000 0.063000
1 0.407500 0.967500 0.089000 0.063000
1 0.570000 0.414500 0.042000 0.047000
2 0.700000 0.049000 0.034000 0.036000
1 0.542500 0.592500 0.097000 0.113000
1 0.099500 0.469000 0.191000 0.306000
1 0.938500 0.429000 0.053000 0.054000
1 0.850500 0.136000 0.053000 0.058000
1 0.928500 0.484500 0.055000 0.067000
1 0.608500 0.815500 0.047000 0.053000
1 0.295000 0.966500 0.036000 0.065000