1 0.576000 0.768500 0.088000 0.089000
1 0.921000 0.265500 0.062000 0.059000
1 0.813000 0.905500 0.076000 0.061000
0 0.287000 0.751500 0.076000 0.077000
1 0.088500 0.880500 0.071000 0.057000
1 0.190000 0.814500 0.066000 0.069000
1 0.413000 0.658500 0.080000 0.071000
1 0.363500 0.543000 0.047000 0.030000
1 0.369500 0.882000 0.097000 0.082000
1 0.724500 0.420500 0.065000 0.061000
1 0.411000 0.502000 0.034000 0.040000
1 0.846000 0.742500 0.082000 0.069000
1 0.842500 0.510500 0.067000 0.053000
1 0.063500 0.710500 0.063000 0.055000
1 0.133000 0.571500 0.052000 0.049000
1 0.688000 0.937000 0.050000 0.062000
1 0.054500 0.802500 0.049000 0.045000
1 0.756500 0.844000 0.059000 0.058000
1 0.148500 0.475000 0.043000 0.034000
1 0.715500 0.764500 0.053000 0.059000
1 0.832500 0.312000 0.039000 0.040000
1 0.146000 0.279500 0.092000 0.085000
1 0.762000 0.389000 0.062000 0.060000
1 0.328500 0.345500 0.051000 0.069000
1 0.742500 0.103000 0.065000 0.054000
1 0.192000 0.664000 0.052000 0.044000
1 0.030000 0.303500 0.058000 0.039000
1 0.222000 0.968000 0.078000 0.062000
1 0.916500 0.452500 0.065000 0.061000
1 0.552000 0.587000 0.058000 0.062000