1 0.841500 0.201000 0.053000 0.044000
1 0.858000 0.055500 0.058000 0.051000
1 0.505000 0.353000 0.070000 0.048000
1 0.963500 0.297500 0.067000 0.057000
1 0.929000 0.487000 0.076000 0.072000
1 0.870000 0.409000 0.066000 0.082000
1 0.558500 0.485000 0.069000 0.082000
1 0.404000 0.060500 0.056000 0.057000
1 0.052000 0.067000 0.072000 0.070000
1 0.113000 0.115500 0.080000 0.075000
1 0.187000 0.519500 0.054000 0.059000
1 0.716000 0.368000 0.046000 0.036000
1 0.454000 0.257500 0.072000 0.063000
1 0.202000 0.212500 0.054000 0.055000
1 0.622500 0.599500 0.089000 0.075000
1 0.025000 0.842500 0.050000 0.059000
1 0.224500 0.619500 0.061000 0.063000
1 0.567000 0.403500 0.060000 0.061000
1 0.177500 0.280000 0.063000 0.060000
1 0.760000 0.394000 0.036000 0.046000
1 0.341500 0.104500 0.045000 0.051000
1 0.678500 0.238500 0.069000 0.071000