1 0.462000 0.674500 0.034000 0.051000
1 0.755000 0.969500 0.052000 0.033000
1 0.281000 0.369000 0.042000 0.038000
2 0.720500 0.036000 0.031000 0.048000
1 0.603500 0.469000 0.053000 0.042000
1 0.420000 0.377000 0.052000 0.028000
1 0.397500 0.099000 0.047000 0.034000
1 0.078000 0.749000 0.052000 0.052000
1 0.381500 0.619000 0.059000 0.040000
1 0.036500 0.327000 0.051000 0.034000
1 0.022000 0.579000 0.040000 0.030000
1 0.347500 0.733000 0.041000 0.014000
1 0.387000 0.927000 0.042000 0.026000
1 0.222000 0.406000 0.040000 0.024000
1 0.249000 0.841000 0.060000 0.046000
1 0.513000 0.486000 0.056000 0.036000
1 0.921500 0.820000 0.031000 0.014000
1 0.944000 0.417500 0.034000 0.047000
1 0.129000 0.939000 0.044000 0.028000
2 0.357000 0.789000 0.024000 0.036000
1 0.448000 0.547500 0.044000 0.027000
1 0.588500 0.515500 0.017000 0.037000
1 0.319000 0.611500 0.042000 0.037000
1 0.666000 0.165000 0.054000 0.030000
1 0.170000 0.768000 0.048000 0.044000
1 0.763000 0.686500 0.056000 0.131000
1 0.769000 0.480500 0.042000 0.027000
1 0.022000 0.612000 0.036000 0.018000
2 0.169000 0.014500 0.028000 0.029000
1 0.193500 0.859000 0.033000 0.044000
1 0.095500 0.623500 0.041000 0.023000
1 0.548500 0.960500 0.045000 0.031000
1 0.853500 0.058500 0.051000 0.021000
1 0.755000 0.550000 0.050000 0.062000
1 0.707500 0.932000 0.043000 0.030000
1 0.247500 0.602500 0.051000 0.039000