1 0.802000 0.482500 0.044000 0.025000
1 0.747500 0.130000 0.065000 0.086000
1 0.818500 0.693500 0.077000 0.083000
1 0.497500 0.728000 0.035000 0.050000
1 0.753500 0.264500 0.067000 0.061000
1 0.294000 0.506500 0.058000 0.059000
1 0.332000 0.772500 0.074000 0.049000
1 0.802500 0.456000 0.033000 0.032000
1 0.164000 0.160500 0.028000 0.053000
1 0.442500 0.660000 0.057000 0.036000
1 0.644500 0.728000 0.037000 0.034000
1 0.409500 0.188500 0.045000 0.053000
1 0.156000 0.832500 0.078000 0.063000
1 0.528000 0.670000 0.068000 0.044000
1 0.781500 0.412500 0.069000 0.061000
1 0.884500 0.193500 0.045000 0.049000
1 0.453500 0.835000 0.111000 0.056000
1 0.265500 0.088000 0.077000 0.056000
1 0.964000 0.134000 0.038000 0.050000
1 0.705500 0.946000 0.065000 0.058000
1 0.086500 0.269500 0.113000 0.097000
1 0.804500 0.520000 0.069000 0.048000
1 0.553500 0.812500 0.041000 0.035000
1 0.027500 0.465000 0.055000 0.058000
1 0.563500 0.088500 0.039000 0.029000
1 0.485500 0.285500 0.045000 0.045000
1 0.301500 0.709500 0.041000 0.027000
1 0.489000 0.022500 0.032000 0.045000
1 0.380500 0.656000 0.053000 0.048000
1 0.875000 0.825000 0.058000 0.062000
1 0.671000 0.187000 0.064000 0.032000
1 0.170000 0.628500 0.064000 0.051000
1 0.579500 0.466500 0.035000 0.051000
1 0.767500 0.785500 0.039000 0.043000
1 0.431000 0.022000 0.062000 0.044000
1 0.812000 0.585000 0.036000 0.054000
1 0.038500 0.547500 0.045000 0.025000
1 0.017500 0.806500 0.033000 0.055000
1 0.316000 0.826500 0.052000 0.047000
1 0.658000 0.022000 0.088000 0.042000
1 0.103500 0.050500 0.035000 0.049000
1 0.590000 0.736000 0.038000 0.020000
1 0.247500 0.306000 0.047000 0.052000
1 0.720500 0.710000 0.045000 0.036000
1 0.168500 0.463500 0.075000 0.067000
1 0.634500 0.787500 0.039000 0.047000
1 0.463500 0.724500 0.027000 0.067000
1 0.540500 0.727000 0.039000 0.024000
1 0.549500 0.181000 0.067000 0.040000