1 0.406000 0.381500 0.048000 0.047000
1 0.253000 0.822000 0.040000 0.034000
1 0.542500 0.279500 0.037000 0.031000
1 0.835500 0.758000 0.035000 0.056000
1 0.168500 0.513000 0.085000 0.054000
1 0.976500 0.882500 0.045000 0.063000
1 0.883000 0.736500 0.058000 0.057000
1 0.583500 0.274500 0.039000 0.035000
2 0.591500 0.143000 0.059000 0.034000
1 0.904000 0.842000 0.056000 0.058000
1 0.652000 0.800000 0.052000 0.052000
1 0.813000 0.410500 0.050000 0.055000
1 0.245000 0.522500 0.036000 0.057000
1 0.507500 0.821500 0.031000 0.093000
1 0.072000 0.900000 0.038000 0.082000
1 0.459500 0.802500 0.043000 0.049000
1 0.887000 0.428000 0.038000 0.038000
1 0.594500 0.302500 0.029000 0.031000
1 0.374500 0.442500 0.049000 0.057000
1 0.404000 0.807000 0.046000 0.048000
1 0.937500 0.725000 0.049000 0.042000
1 0.298000 0.207000 0.030000 0.024000
1 0.903500 0.905500 0.053000 0.047000
1 0.449500 0.889500 0.041000 0.035000
1 0.974500 0.573500 0.047000 0.033000
1 0.978000 0.822500 0.042000 0.037000
1 0.180500 0.214000 0.067000 0.078000
1 0.653500 0.492000 0.023000 0.038000
1 0.957500 0.160000 0.065000 0.064000
1 0.643000 0.343500 0.058000 0.053000
1 0.657000 0.029000 0.038000 0.026000
1 0.550000 0.304500 0.042000 0.033000
1 0.323000 0.616500 0.046000 0.031000
1 0.490000 0.292500 0.036000 0.031000
1 0.649500 0.296000 0.029000 0.034000
1 0.210000 0.658500 0.028000 0.061000
1 0.761000 0.373000 0.022000 0.028000
1 0.150500 0.088000 0.079000 0.054000
1 0.520000 0.884500 0.050000 0.041000
1 0.033000 0.280500 0.056000 0.043000
1 0.061000 0.820000 0.060000 0.040000
1 0.022500 0.660500 0.045000 0.065000
1 0.507000 0.118000 0.058000 0.054000
1 0.638000 0.266000 0.040000 0.028000
1 0.899000 0.589500 0.056000 0.045000
1 0.636500 0.528500 0.055000 0.023000
1 0.592500 0.793500 0.051000 0.039000
1 0.126500 0.817500 0.037000 0.031000
1 0.470500 0.975500 0.067000 0.047000
2 0.436000 0.696000 0.040000 0.044000
1 0.651500 0.073000 0.033000 0.024000
1 0.495000 0.321500 0.032000 0.035000
1 0.258000 0.661000 0.034000 0.052000
1 0.598000 0.901000 0.034000 0.036000
1 0.509500 0.372500 0.033000 0.029000
1 0.838000 0.240500 0.050000 0.087000
1 0.435500 0.194500 0.039000 0.031000
1 0.089500 0.658000 0.053000 0.048000
1 0.613000 0.106000 0.026000 0.034000
1 0.502500 0.673500 0.071000 0.055000
1 0.407500 0.509000 0.039000 0.048000
1 0.834000 0.889000 0.048000 0.066000
1 0.596500 0.345000 0.029000 0.034000
1 0.833000 0.588000 0.064000 0.070000
1 0.246500 0.872000 0.055000 0.038000
1 0.248500 0.225500 0.045000 0.037000
1 0.973500 0.515000 0.027000 0.042000
1 0.646500 0.696500 0.041000 0.027000
1 0.550500 0.363000 0.035000 0.032000
1 0.476000 0.365500 0.034000 0.047000