1 0.570000 0.897500 0.040000 0.037000
1 0.084000 0.391500 0.048000 0.051000
1 0.211500 0.278000 0.057000 0.066000
1 0.524500 0.752000 0.063000 0.054000
1 0.164500 0.804000 0.055000 0.054000
2 0.203000 0.406500 0.044000 0.043000
1 0.270500 0.533000 0.045000 0.064000
1 0.244000 0.976000 0.068000 0.046000
1 0.717500 0.859000 0.059000 0.050000
1 0.290000 0.896500 0.052000 0.057000
1 0.074000 0.571500 0.050000 0.047000
1 0.786000 0.557000 0.122000 0.102000
1 0.552000 0.653000 0.056000 0.052000
1 0.183000 0.154000 0.052000 0.048000
1 0.018500 0.388000 0.037000 0.040000
1 0.185500 0.917500 0.061000 0.057000
1 0.058000 0.861500 0.058000 0.057000
1 0.165500 0.117000 0.041000 0.050000
1 0.880000 0.698500 0.210000 0.135000