1 0.891000 0.708500 0.068000 0.041000
1 0.345000 0.971500 0.054000 0.055000
1 0.256500 0.739000 0.045000 0.034000
1 0.374000 0.923500 0.050000 0.049000
1 0.119500 0.860500 0.045000 0.029000
1 0.413500 0.785000 0.051000 0.066000
1 0.823500 0.973000 0.053000 0.050000
1 0.887000 0.785000 0.140000 0.138000
1 0.246500 0.915500 0.035000 0.021000
1 0.192000 0.744500 0.062000 0.043000
1 0.115000 0.824000 0.066000 0.044000
1 0.496500 0.656000 0.057000 0.052000
1 0.205000 0.874000 0.038000 0.060000
1 0.892000 0.970000 0.054000 0.058000
1 0.917500 0.649500 0.109000 0.101000
1 0.193500 0.975500 0.067000 0.047000
1 0.078000 0.942000 0.072000 0.052000