1 0.940000 0.170000 0.032000 0.036000
1 0.160500 0.202500 0.021000 0.023000
1 0.139500 0.228500 0.025000 0.027000
1 0.982000 0.272500 0.034000 0.037000
1 0.508500 0.380000 0.069000 0.046000
1 0.197500 0.265500 0.045000 0.035000
1 0.146500 0.249000 0.029000 0.014000
1 0.088500 0.350000 0.019000 0.030000
1 0.083500 0.214000 0.023000 0.030000
1 0.111000 0.206000 0.030000 0.028000
1 0.973500 0.090500 0.019000 0.053000
1 0.023000 0.531500 0.046000 0.035000
1 0.108000 0.237000 0.038000 0.028000
1 0.137000 0.202500 0.024000 0.023000