1 0.837000 0.691500 0.028000 0.041000
1 0.597500 0.019500 0.047000 0.039000
1 0.115000 0.723000 0.042000 0.060000
1 0.383500 0.700000 0.049000 0.062000
1 0.331500 0.651500 0.051000 0.045000
1 0.060500 0.691000 0.043000 0.036000
1 0.578000 0.382500 0.040000 0.037000
1 0.834000 0.610500 0.030000 0.043000
1 0.149000 0.570500 0.062000 0.047000
1 0.656500 0.405000 0.053000 0.044000
1 0.275500 0.601000 0.047000 0.026000
1 0.060000 0.584000 0.034000 0.044000
1 0.848000 0.734500 0.042000 0.035000
1 0.150500 0.028500 0.039000 0.041000
1 0.265500 0.844500 0.067000 0.055000
1 0.078000 0.210500 0.056000 0.043000
1 0.265500 0.255500 0.063000 0.055000
1 0.975500 0.830500 0.047000 0.047000
1 0.286000 0.080500 0.064000 0.057000
1 0.731000 0.729500 0.048000 0.039000
1 0.833000 0.553500 0.032000 0.041000
1 0.441000 0.143500 0.052000 0.049000
1 0.792500 0.950000 0.077000 0.066000
1 0.506000 0.397500 0.068000 0.049000
1 0.223500 0.061000 0.051000 0.036000
1 0.350000 0.983500 0.054000 0.031000
1 0.712000 0.465500 0.044000 0.051000
1 0.093000 0.061000 0.060000 0.042000
1 0.671000 0.196500 0.064000 0.051000
1 0.564500 0.582500 0.031000 0.047000
1 0.388500 0.378500 0.041000 0.049000
1 0.238500 0.674500 0.037000 0.041000