1 0.028000 0.330500 0.056000 0.059000
1 0.270500 0.440500 0.049000 0.033000
1 0.147500 0.953500 0.049000 0.045000
1 0.722000 0.403500 0.044000 0.031000
1 0.963500 0.631000 0.047000 0.034000
1 0.217000 0.191000 0.050000 0.046000
1 0.054500 0.198000 0.043000 0.042000
1 0.906000 0.755000 0.060000 0.092000
1 0.809000 0.735000 0.068000 0.054000
1 0.315500 0.152500 0.053000 0.053000
1 0.372000 0.144500 0.044000 0.051000
2 0.570000 0.114000 0.038000 0.028000
1 0.385500 0.419000 0.045000 0.034000
1 0.639500 0.449000 0.061000 0.050000
1 0.868500 0.331500 0.055000 0.055000
1 0.955500 0.254000 0.085000 0.078000
1 0.646000 0.044500 0.070000 0.059000
1 0.752000 0.535500 0.068000 0.051000
1 0.803500 0.012000 0.033000 0.024000
1 0.566000 0.567000 0.048000 0.040000
1 0.508500 0.505500 0.041000 0.055000
1 0.730000 0.021000 0.048000 0.042000
1 0.481000 0.369500 0.044000 0.039000