1 0.743000 0.400000 0.050000 0.044000
1 0.635000 0.456000 0.062000 0.056000
1 0.322000 0.377000 0.044000 0.094000
1 0.512000 0.294000 0.044000 0.040000
1 0.424000 0.719000 0.084000 0.082000
1 0.958000 0.358000 0.080000 0.048000
1 0.288000 0.555000 0.044000 0.118000
1 0.401000 0.292000 0.054000 0.064000
1 0.420000 0.132000 0.048000 0.056000
1 0.341000 0.096000 0.050000 0.048000
1 0.350000 0.475000 0.064000 0.074000
1 0.271000 0.454000 0.062000 0.056000
1 0.743000 0.168000 0.070000 0.056000
1 0.447000 0.401000 0.066000 0.082000