1 0.078000 0.644000 0.088000 0.076000
0 0.680000 0.412000 0.064000 0.064000
1 0.735000 0.432000 0.066000 0.068000
1 0.895000 0.244000 0.082000 0.100000
1 0.350000 0.143000 0.084000 0.078000
1 0.869000 0.488000 0.098000 0.116000
1 0.323000 0.958000 0.066000 0.080000
1 0.855000 0.880000 0.054000 0.064000
1 0.255000 0.416000 0.058000 0.048000
1 0.888000 0.329000 0.096000 0.098000
2 0.119000 0.806000 0.062000 0.064000
1 0.041000 0.145000 0.074000 0.098000
1 0.278000 0.637000 0.080000 0.098000
1 0.714000 0.251000 0.108000 0.094000
1 0.911000 0.820000 0.118000 0.124000
1 0.521000 0.795000 0.090000 0.062000
1 0.232000 0.609000 0.072000 0.074000
1 0.558000 0.687000 0.112000 0.114000
1 0.949000 0.932000 0.078000 0.068000
1 0.896000 0.908000 0.064000 0.064000
1 0.100000 0.517000 0.068000 0.066000
0 0.161000 0.647000 0.074000 0.062000
0 0.214000 0.667000 0.052000 0.058000
1 0.482000 0.840000 0.068000 0.060000
1 0.381000 0.752000 0.074000 0.104000
1 0.377000 0.323000 0.122000 0.086000
1 0.929000 0.175000 0.082000 0.082000
1 0.167000 0.151000 0.078000 0.062000
1 0.965000 0.614000 0.066000 0.084000
0 0.173000 0.577000 0.062000 0.070000
1 0.671000 0.583000 0.082000 0.098000
1 0.160000 0.928000 0.084000 0.100000
1 0.325000 0.429000 0.110000 0.086000
1 0.238000 0.949000 0.068000 0.090000