1 0.501000 0.591000 0.102000 0.114000
2 0.632000 0.029000 0.084000 0.058000
1 0.472000 0.347000 0.084000 0.078000
1 0.874000 0.622000 0.124000 0.124000
1 0.029000 0.323000 0.058000 0.102000
1 0.377000 0.814000 0.118000 0.092000
1 0.316000 0.397000 0.112000 0.090000
1 0.331000 0.227000 0.058000 0.086000
1 0.968000 0.222000 0.060000 0.100000
1 0.703000 0.440000 0.066000 0.080000
1 0.863000 0.957000 0.094000 0.078000
1 0.927000 0.918000 0.106000 0.120000
1 0.769000 0.842000 0.110000 0.100000
1 0.761000 0.958000 0.114000 0.080000
2 0.437000 0.672000 0.070000 0.060000
1 0.242000 0.237000 0.084000 0.074000
1 0.500000 0.173000 0.084000 0.086000
1 0.346000 0.615000 0.088000 0.062000
1 0.319000 0.972000 0.102000 0.052000
1 0.420000 0.609000 0.088000 0.062000
1 0.681000 0.303000 0.110000 0.090000
1 0.631000 0.759000 0.110000 0.070000
1 0.128000 0.297000 0.140000 0.098000
1 0.214000 0.430000 0.096000 0.076000
1 0.591000 0.379000 0.058000 0.054000
1 0.064000 0.058000 0.128000 0.116000
1 0.821000 0.661000 0.086000 0.106000
1 0.751000 0.679000 0.054000 0.102000
1 0.433000 0.270000 0.078000 0.060000
1 0.735000 0.069000 0.146000 0.118000
1 0.723000 0.750000 0.082000 0.076000
1 0.677000 0.697000 0.106000 0.090000