1 0.407500 0.476000 0.047000 0.032000
1 0.420500 0.331000 0.045000 0.034000
1 0.519500 0.152000 0.063000 0.070000
1 0.830000 0.454000 0.066000 0.088000
1 0.283000 0.703500 0.056000 0.047000
1 0.377000 0.874500 0.048000 0.055000
1 0.700000 0.316500 0.054000 0.037000
1 0.250500 0.224000 0.063000 0.068000
1 0.109500 0.023000 0.061000 0.046000
1 0.450500 0.159000 0.021000 0.042000
1 0.658500 0.178500 0.033000 0.041000
1 0.031500 0.568000 0.059000 0.046000
1 0.853000 0.531000 0.040000 0.024000
1 0.963000 0.595500 0.072000 0.089000
1 0.552500 0.647000 0.049000 0.072000
1 0.731500 0.731000 0.055000 0.056000
1 0.444500 0.935500 0.071000 0.069000
1 0.756000 0.664500 0.044000 0.051000
1 0.349000 0.828000 0.064000 0.030000
1 0.758500 0.459000 0.073000 0.052000
1 0.823000 0.608000 0.066000 0.084000
1 0.500000 0.076500 0.062000 0.023000
1 0.840500 0.787000 0.039000 0.038000
1 0.252000 0.075000 0.060000 0.084000
1 0.445000 0.778500 0.054000 0.055000
1 0.463000 0.593000 0.052000 0.046000
1 0.847000 0.732500 0.050000 0.041000
1 0.040500 0.649000 0.057000 0.024000
1 0.525000 0.339000 0.084000 0.082000
1 0.057500 0.672500 0.049000 0.025000
1 0.291000 0.748000 0.028000 0.020000
1 0.429000 0.250500 0.050000 0.059000
1 0.198000 0.616000 0.046000 0.040000
1 0.504000 0.025500 0.062000 0.025000
1 0.684500 0.473000 0.049000 0.054000
1 0.185000 0.807500 0.056000 0.057000
1 0.552500 0.811500 0.047000 0.055000
1 0.217000 0.867500 0.042000 0.047000
1 0.325000 0.887000 0.040000 0.042000
1 0.670500 0.817000 0.059000 0.054000
1 0.056000 0.744000 0.060000 0.044000
1 0.240000 0.545000 0.068000 0.082000
1 0.701000 0.074500 0.066000 0.041000
1 0.981000 0.067500 0.036000 0.051000
1 0.454500 0.464500 0.055000 0.065000
1 0.263500 0.872500 0.021000 0.043000
1 0.719000 0.944500 0.102000 0.091000
1 0.865000 0.246000 0.058000 0.066000
1 0.913000 0.753500 0.056000 0.045000
1 0.777500 0.267500 0.069000 0.061000
1 0.415000 0.086000 0.056000 0.050000
1 0.946500 0.492000 0.039000 0.036000
1 0.425500 0.392000 0.053000 0.056000
1 0.341500 0.074500 0.045000 0.057000
1 0.622000 0.643000 0.068000 0.080000
1 0.686000 0.247000 0.048000 0.070000
1 0.610500 0.542000 0.053000 0.062000
1 0.076500 0.458000 0.055000 0.048000
1 0.971500 0.361000 0.055000 0.060000
1 0.347000 0.151000 0.062000 0.066000
1 0.806000 0.180000 0.040000 0.056000
1 0.528000 0.904500 0.036000 0.051000
1 0.208000 0.982500 0.040000 0.029000
1 0.601000 0.164500 0.036000 0.017000
1 0.335500 0.500000 0.075000 0.050000
1 0.500000 0.285000 0.062000 0.024000
1 0.279000 0.393000 0.038000 0.054000