1 0.398000 0.227000 0.040000 0.066000
1 0.911000 0.686000 0.046000 0.044000
1 0.411000 0.310000 0.054000 0.056000
1 0.378000 0.407000 0.072000 0.086000
1 0.552000 0.531000 0.068000 0.074000
1 0.748000 0.594000 0.080000 0.068000
1 0.464000 0.033000 0.080000 0.066000
1 0.271000 0.906000 0.058000 0.072000
1 0.835000 0.279000 0.070000 0.058000
1 0.475000 0.700000 0.078000 0.104000
1 0.934000 0.177000 0.088000 0.066000
1 0.923000 0.510000 0.070000 0.072000
1 0.957000 0.321000 0.058000 0.074000
1 0.386000 0.147000 0.064000 0.070000
1 0.347000 0.055000 0.066000 0.074000
2 0.766000 0.105000 0.080000 0.078000