1 0.378000 0.750500 0.058000 0.059000
1 0.809500 0.030500 0.059000 0.059000
1 0.261500 0.865000 0.079000 0.074000
1 0.282000 0.117500 0.068000 0.059000
1 0.963500 0.138000 0.055000 0.044000
1 0.926500 0.637500 0.087000 0.077000
1 0.706000 0.639500 0.060000 0.037000
1 0.165500 0.349500 0.043000 0.029000
1 0.043000 0.238500 0.058000 0.055000
1 0.793000 0.446500 0.044000 0.045000
1 0.897500 0.319500 0.047000 0.057000
1 0.633500 0.522000 0.059000 0.036000
1 0.071500 0.100500 0.045000 0.043000
1 0.940000 0.197000 0.080000 0.078000
1 0.635000 0.927000 0.050000 0.050000
1 0.206500 0.620500 0.081000 0.067000
1 0.677500 0.247500 0.065000 0.063000