1 0.520000 0.055000 0.160000 0.106000
1 0.677000 0.201000 0.102000 0.122000
1 0.615000 0.847000 0.114000 0.106000
1 0.712000 0.307000 0.080000 0.094000
1 0.940000 0.048000 0.116000 0.096000
1 0.637000 0.511000 0.114000 0.134000
1 0.331000 0.179000 0.102000 0.170000
1 0.479000 0.529000 0.066000 0.054000
1 0.938000 0.235000 0.120000 0.118000
1 0.738000 0.864000 0.128000 0.100000
1 0.424000 0.378000 0.136000 0.112000
1 0.363000 0.509000 0.054000 0.058000
1 0.632000 0.683000 0.152000 0.114000
1 0.194000 0.044000 0.128000 0.088000
1 0.179000 0.840000 0.098000 0.076000
1 0.764000 0.153000 0.136000 0.118000
1 0.919000 0.469000 0.146000 0.086000
1 0.648000 0.422000 0.124000 0.116000
1 0.876000 0.736000 0.124000 0.120000
1 0.503000 0.808000 0.098000 0.072000
1 0.873000 0.891000 0.102000 0.122000
1 0.067000 0.953000 0.058000 0.050000
2 0.470000 0.198000 0.076000 0.052000
2 0.438000 0.244000 0.096000 0.060000
1 0.422000 0.516000 0.060000 0.056000
1 0.639000 0.294000 0.078000 0.096000
1 0.861000 0.616000 0.154000 0.068000
1 0.221000 0.364000 0.094000 0.128000
1 0.525000 0.937000 0.138000 0.094000
1 0.053000 0.173000 0.106000 0.106000