1 0.702000 0.465000 0.064000 0.058000
1 0.941000 0.894500 0.056000 0.057000
1 0.532000 0.194500 0.056000 0.067000
1 0.643500 0.379000 0.053000 0.054000
1 0.415500 0.880000 0.045000 0.038000
1 0.457000 0.798500 0.066000 0.039000
1 0.418500 0.727500 0.049000 0.043000
2 0.018500 0.856000 0.029000 0.030000
2 0.887500 0.732000 0.035000 0.036000
1 0.809000 0.624000 0.068000 0.064000
1 0.954500 0.811000 0.055000 0.046000
1 0.283500 0.566000 0.037000 0.036000
1 0.458000 0.080000 0.062000 0.058000
1 0.015000 0.815500 0.030000 0.045000
1 0.516500 0.758500 0.051000 0.077000
1 0.372500 0.765000 0.059000 0.072000