1 0.396500 0.965000 0.057000 0.058000
1 0.981500 0.763500 0.035000 0.067000
1 0.792000 0.799000 0.064000 0.048000
1 0.452000 0.311500 0.066000 0.043000
1 0.255000 0.878500 0.056000 0.059000
1 0.240000 0.171500 0.038000 0.045000
1 0.253000 0.429500 0.056000 0.063000
1 0.229500 0.109000 0.063000 0.046000
1 0.727500 0.795500 0.065000 0.039000
1 0.431000 0.858000 0.058000 0.076000
1 0.405000 0.673500 0.050000 0.047000
1 0.373000 0.225500 0.038000 0.053000
1 0.160500 0.678000 0.059000 0.058000
1 0.330500 0.924500 0.079000 0.063000
1 0.465000 0.466500 0.054000 0.077000
1 0.746500 0.564000 0.053000 0.060000
1 0.542500 0.473500 0.059000 0.059000
1 0.908000 0.859000 0.056000 0.074000
1 0.065000 0.096000 0.062000 0.064000
1 0.963000 0.977000 0.068000 0.042000
1 0.170000 0.788000 0.070000 0.062000
1 0.075500 0.655500 0.073000 0.111000
1 0.325500 0.536000 0.065000 0.058000
1 0.301500 0.640000 0.069000 0.054000
1 0.455000 0.975500 0.064000 0.047000
1 0.120500 0.958500 0.091000 0.081000
1 0.881500 0.658500 0.055000 0.049000