1 0.330000 0.180500 0.088000 0.071000
1 0.823500 0.636500 0.063000 0.059000
1 0.194000 0.097000 0.054000 0.038000
1 0.973000 0.561000 0.052000 0.046000
1 0.151000 0.038000 0.040000 0.038000
1 0.586500 0.788000 0.075000 0.054000
1 0.330500 0.681500 0.073000 0.063000
1 0.244500 0.222500 0.077000 0.057000
1 0.451500 0.411000 0.079000 0.062000
1 0.784000 0.048000 0.072000 0.066000
1 0.857000 0.531500 0.056000 0.047000
1 0.875000 0.810000 0.050000 0.050000
1 0.746000 0.850000 0.052000 0.044000
1 0.448500 0.220500 0.057000 0.047000
1 0.035500 0.684500 0.071000 0.063000
1 0.567000 0.519000 0.062000 0.048000