2 0.507000 0.189000 0.054000 0.052000
1 0.144000 0.149000 0.050000 0.042000
1 0.202000 0.574000 0.106000 0.172000
1 0.336000 0.925500 0.076000 0.055000
1 0.266500 0.134000 0.045000 0.054000
1 0.364000 0.032500 0.036000 0.049000
1 0.609500 0.518000 0.041000 0.038000
1 0.038500 0.341000 0.041000 0.030000
1 0.216500 0.138000 0.061000 0.058000
1 0.616500 0.586500 0.049000 0.047000
1 0.445000 0.858500 0.086000 0.121000
1 0.362500 0.366500 0.063000 0.063000
1 0.099500 0.262500 0.043000 0.045000
1 0.705000 0.032500 0.074000 0.065000
1 0.095500 0.968500 0.055000 0.061000
1 0.454000 0.393000 0.038000 0.038000
1 0.819500 0.092500 0.141000 0.101000
1 0.201000 0.080000 0.064000 0.078000
1 0.490500 0.257500 0.077000 0.063000
1 0.464500 0.640500 0.079000 0.063000
1 0.332000 0.132500 0.038000 0.055000
1 0.757000 0.120500 0.058000 0.055000
1 0.162000 0.024500 0.054000 0.049000
1 0.271000 0.822000 0.044000 0.058000
1 0.528500 0.658000 0.063000 0.054000
1 0.471500 0.313500 0.059000 0.045000
1 0.882000 0.750500 0.060000 0.051000
1 0.966000 0.974500 0.048000 0.049000
1 0.572000 0.822000 0.090000 0.098000
1 0.417500 0.194500 0.051000 0.045000
1 0.782500 0.603000 0.049000 0.046000
1 0.046000 0.255500 0.020000 0.019000
1 0.123500 0.332000 0.045000 0.036000
1 0.537500 0.587500 0.061000 0.067000
1 0.936500 0.723500 0.041000 0.037000