2 0.321000 0.455000 0.146000 0.138000
2 0.943500 0.635000 0.111000 0.104000
2 0.159500 0.530000 0.123000 0.126000
2 0.216000 0.952500 0.108000 0.093000
1 0.460500 0.643000 0.221000 0.190000
1 0.760000 0.107000 0.158000 0.130000
1 0.955500 0.474000 0.087000 0.130000
1 0.100500 0.860000 0.173000 0.194000
2 0.597000 0.385000 0.110000 0.116000
2 0.668500 0.835000 0.155000 0.160000
2 0.603500 0.562500 0.175000 0.165000
2 0.594500 0.134000 0.105000 0.100000
2 0.304000 0.691500 0.140000 0.137000
2 0.468500 0.075000 0.161000 0.140000
2 0.509000 0.759500 0.128000 0.135000
1 0.402000 0.846500 0.164000 0.149000
1 0.531500 0.944000 0.181000 0.106000
1 0.777500 0.668000 0.201000 0.150000
2 0.764000 0.412000 0.144000 0.140000
2 0.842500 0.509000 0.091000 0.098000
1 0.888500 0.892000 0.183000 0.214000
1 0.256500 0.052500 0.165000 0.105000
2 0.147500 0.327500 0.113000 0.113000