1 0.659500 0.803500 0.069000 0.077000
1 0.600000 0.786500 0.074000 0.067000
1 0.847500 0.559500 0.081000 0.081000
1 0.320000 0.236000 0.084000 0.074000
1 0.523000 0.854500 0.086000 0.113000
1 0.685000 0.083500 0.072000 0.075000
1 0.520000 0.124500 0.066000 0.047000
1 0.504000 0.978000 0.088000 0.042000
1 0.773000 0.390000 0.094000 0.082000
1 0.890000 0.435500 0.086000 0.085000
1 0.480000 0.361500 0.074000 0.055000
1 0.215000 0.196500 0.076000 0.059000
1 0.198000 0.820000 0.068000 0.128000
1 0.740500 0.837000 0.049000 0.064000
1 0.676500 0.889500 0.063000 0.071000
1 0.202000 0.720000 0.088000 0.062000
1 0.761500 0.768000 0.043000 0.064000
1 0.441000 0.979000 0.070000 0.040000