1 0.090500 0.194000 0.049000 0.030000
1 0.139000 0.337500 0.062000 0.053000
1 0.756000 0.383000 0.044000 0.030000
1 0.607500 0.378000 0.049000 0.040000
1 0.096500 0.025000 0.059000 0.050000
1 0.665000 0.347000 0.054000 0.048000
1 0.809000 0.519500 0.052000 0.033000
1 0.775500 0.308000 0.059000 0.040000
1 0.437000 0.682500 0.072000 0.043000
1 0.417000 0.116500 0.056000 0.043000
1 0.216000 0.546000 0.066000 0.082000
1 0.254500 0.250000 0.053000 0.048000
1 0.507500 0.394000 0.077000 0.064000
1 0.352500 0.544000 0.069000 0.058000
1 0.587500 0.487500 0.073000 0.061000
1 0.244000 0.448000 0.066000 0.038000
1 0.338500 0.260500 0.069000 0.057000
1 0.164000 0.026500 0.052000 0.043000
1 0.538000 0.117000 0.052000 0.052000
1 0.854500 0.357000 0.069000 0.054000