1 0.777500 0.014000 0.051000 0.028000
1 0.912000 0.222000 0.042000 0.072000
1 0.103500 0.329000 0.055000 0.020000
1 0.327500 0.262000 0.069000 0.050000
1 0.408000 0.344500 0.062000 0.037000
1 0.938500 0.174000 0.057000 0.048000
1 0.528500 0.211500 0.033000 0.019000
1 0.697000 0.164000 0.054000 0.050000
1 0.766000 0.170000 0.048000 0.072000
1 0.352500 0.430500 0.031000 0.037000
1 0.563000 0.191500 0.038000 0.045000
1 0.165000 0.153500 0.040000 0.041000
1 0.156500 0.064000 0.039000 0.040000
1 0.023000 0.381000 0.046000 0.030000
1 0.293000 0.152000 0.020000 0.034000