1 0.252000 0.918000 0.032000 0.044000
1 0.740500 0.906000 0.045000 0.036000
1 0.089500 0.835500 0.071000 0.061000
1 0.343500 0.610500 0.041000 0.059000
1 0.076500 0.078500 0.063000 0.025000
1 0.027000 0.460500 0.054000 0.047000
1 0.549500 0.428000 0.095000 0.074000
1 0.564000 0.582000 0.086000 0.086000
1 0.195000 0.967000 0.040000 0.030000
1 0.976500 0.622000 0.045000 0.080000
1 0.177500 0.410500 0.051000 0.023000
1 0.310000 0.607500 0.018000 0.049000
1 0.128000 0.698000 0.056000 0.038000
1 0.172000 0.331500 0.062000 0.039000
1 0.128500 0.736000 0.055000 0.020000
1 0.128000 0.125000 0.054000 0.064000
1 0.267500 0.378500 0.045000 0.057000