1 0.354500 0.426500 0.045000 0.047000
2 0.340000 0.982500 0.040000 0.033000
2 0.094500 0.617500 0.035000 0.031000
1 0.394000 0.913500 0.034000 0.039000
1 0.375500 0.354500 0.031000 0.033000
1 0.329000 0.404000 0.032000 0.036000
1 0.208500 0.576000 0.061000 0.066000
2 0.405500 0.318000 0.035000 0.034000
1 0.038000 0.978000 0.062000 0.042000
2 0.609000 0.171000 0.028000 0.024000
2 0.400000 0.175500 0.030000 0.029000
1 0.399000 0.376500 0.044000 0.045000
1 0.431000 0.337500 0.046000 0.045000
2 0.448000 0.167500 0.032000 0.033000