1 0.854000 0.653000 0.088000 0.070000
1 0.554000 0.767000 0.076000 0.074000
1 0.853000 0.517000 0.074000 0.054000
1 0.752000 0.697000 0.096000 0.078000
1 0.421000 0.425000 0.078000 0.070000
1 0.443000 0.647000 0.102000 0.062000
1 0.907000 0.251000 0.094000 0.058000
1 0.949000 0.619000 0.098000 0.078000
1 0.813000 0.412000 0.058000 0.040000
1 0.306000 0.478000 0.128000 0.068000
1 0.584000 0.594000 0.108000 0.072000
1 0.682000 0.460000 0.044000 0.040000
1 0.769000 0.307000 0.102000 0.070000
1 0.658000 0.729000 0.080000 0.070000
1 0.718000 0.562000 0.116000 0.064000
1 0.539000 0.380000 0.098000 0.076000
1 0.645000 0.356000 0.114000 0.068000