1 0.514000 0.514000 0.068000 0.064000
1 0.803000 0.930000 0.102000 0.076000
1 0.100000 0.704000 0.088000 0.076000
1 0.436000 0.282000 0.056000 0.060000
1 0.043000 0.400000 0.046000 0.044000
1 0.253000 0.226000 0.062000 0.052000
1 0.832000 0.557000 0.064000 0.070000
1 0.106000 0.404000 0.044000 0.048000
1 0.342000 0.493000 0.088000 0.082000
1 0.941000 0.522000 0.058000 0.052000
1 0.626000 0.900000 0.084000 0.076000
1 0.944000 0.572000 0.052000 0.028000
1 0.762000 0.390000 0.056000 0.064000
1 0.803000 0.686000 0.090000 0.084000
1 0.372000 0.727000 0.092000 0.098000
1 0.226000 0.412000 0.064000 0.056000
0 0.465000 0.868000 0.094000 0.092000