1 0.347500 0.059500 0.099000 0.119000
1 0.414500 0.601000 0.061000 0.044000
1 0.576500 0.576000 0.061000 0.042000
1 0.524000 0.067000 0.084000 0.130000
1 0.615500 0.467500 0.027000 0.045000
1 0.311500 0.460500 0.037000 0.045000
1 0.836500 0.022500 0.049000 0.043000
1 0.754500 0.409500 0.079000 0.057000
1 0.686000 0.402500 0.054000 0.047000
1 0.439500 0.062000 0.083000 0.124000
1 0.625000 0.417000 0.042000 0.068000
1 0.059500 0.457000 0.077000 0.052000
1 0.770000 0.017000 0.050000 0.034000
1 0.122500 0.530500 0.027000 0.035000
1 0.697000 0.032500 0.042000 0.059000
1 0.511500 0.366000 0.045000 0.052000
1 0.231500 0.070500 0.079000 0.055000
1 0.251000 0.611500 0.056000 0.041000
1 0.511000 0.455000 0.050000 0.068000
1 0.573500 0.405500 0.053000 0.053000
1 0.365500 0.464000 0.065000 0.042000
1 0.141000 0.458000 0.072000 0.058000
1 0.608000 0.014000 0.052000 0.028000
1 0.457500 0.370500 0.059000 0.039000
1 0.248000 0.435500 0.048000 0.051000