1 0.399500 0.160000 0.035000 0.046000
1 0.531500 0.761000 0.057000 0.056000
1 0.516500 0.835500 0.073000 0.067000
1 0.508000 0.587000 0.072000 0.080000
1 0.215500 0.585500 0.057000 0.039000
1 0.937500 0.750000 0.051000 0.042000
1 0.416000 0.118500 0.046000 0.047000
1 0.663000 0.741000 0.082000 0.104000
1 0.882500 0.539000 0.087000 0.060000
1 0.029500 0.147000 0.045000 0.040000
1 0.970500 0.378000 0.057000 0.106000
1 0.826000 0.528500 0.052000 0.053000
1 0.357500 0.062500 0.067000 0.055000
1 0.427500 0.531500 0.069000 0.079000
1 0.921000 0.125000 0.068000 0.066000
1 0.495000 0.938500 0.054000 0.073000
1 0.705500 0.802000 0.059000 0.050000
1 0.305500 0.808500 0.057000 0.033000
1 0.447000 0.748500 0.050000 0.053000
1 0.806500 0.676000 0.081000 0.052000
1 0.740500 0.599500 0.045000 0.041000
2 0.072500 0.146500 0.035000 0.045000
1 0.417000 0.580500 0.090000 0.073000
1 0.887000 0.894500 0.092000 0.075000
1 0.481500 0.067500 0.051000 0.041000
1 0.237500 0.456500 0.061000 0.051000
1 0.842000 0.793500 0.074000 0.085000
1 0.359500 0.131500 0.059000 0.041000
1 0.757000 0.899000 0.050000 0.064000
1 0.165500 0.805500 0.055000 0.055000
1 0.614000 0.964500 0.096000 0.069000