1 0.275000 0.799500 0.052000 0.045000
1 0.361500 0.860000 0.051000 0.048000
1 0.722500 0.484500 0.067000 0.065000
1 0.205500 0.367000 0.061000 0.048000
1 0.041500 0.245500 0.067000 0.059000
1 0.197500 0.483000 0.069000 0.070000
1 0.456000 0.720000 0.064000 0.060000
1 0.311500 0.825000 0.053000 0.044000
1 0.256000 0.144500 0.060000 0.057000
1 0.042000 0.590500 0.062000 0.051000
1 0.406000 0.891500 0.052000 0.043000
1 0.667000 0.188000 0.070000 0.070000
1 0.243000 0.558000 0.052000 0.056000
1 0.547500 0.440500 0.057000 0.059000
1 0.962500 0.160000 0.051000 0.048000
1 0.372000 0.680000 0.074000 0.056000
1 0.860500 0.629000 0.077000 0.062000
1 0.567000 0.822000 0.076000 0.082000
1 0.644500 0.344000 0.089000 0.070000
1 0.130500 0.518000 0.055000 0.048000
1 0.504500 0.647000 0.077000 0.072000
1 0.289500 0.055500 0.099000 0.099000
1 0.454000 0.550500 0.054000 0.055000
1 0.980500 0.884500 0.037000 0.065000
1 0.438500 0.614500 0.047000 0.045000
1 0.749500 0.756500 0.061000 0.059000
1 0.320500 0.978500 0.057000 0.041000
1 0.884000 0.023500 0.120000 0.047000
1 0.387500 0.380500 0.087000 0.079000
1 0.373500 0.196000 0.057000 0.062000
1 0.308000 0.256500 0.066000 0.067000
1 0.151000 0.315000 0.070000 0.074000
1 0.572000 0.302000 0.070000 0.062000
1 0.190000 0.257500 0.062000 0.053000
1 0.960000 0.466500 0.078000 0.091000
1 0.444000 0.973000 0.044000 0.046000
1 0.618500 0.137500 0.067000 0.069000
1 0.671500 0.420000 0.073000 0.060000
1 0.788500 0.269500 0.081000 0.079000
1 0.579000 0.522000 0.070000 0.072000