1 0.139000 0.834500 0.114000 0.089000
1 0.401000 0.018000 0.040000 0.036000
1 0.531000 0.849500 0.132000 0.085000
1 0.321500 0.446500 0.071000 0.043000
1 0.745000 0.436000 0.052000 0.038000
1 0.947500 0.833000 0.103000 0.068000
1 0.272000 0.678500 0.060000 0.069000
1 0.801000 0.030000 0.034000 0.044000
1 0.056500 0.051500 0.067000 0.037000
1 0.710500 0.824000 0.103000 0.082000
1 0.210500 0.050000 0.033000 0.036000
1 0.816000 0.086500 0.070000 0.049000
1 0.607000 0.439500 0.056000 0.041000
1 0.922500 0.437000 0.079000 0.044000
1 0.104000 0.047000 0.022000 0.028000
1 0.465500 0.446500 0.063000 0.047000
1 0.586000 0.084000 0.062000 0.046000
1 0.687000 0.087500 0.108000 0.069000
1 0.323500 0.810000 0.049000 0.096000
1 0.502500 0.776000 0.065000 0.056000
1 0.152000 0.452500 0.070000 0.055000