1 0.734500 0.896500 0.053000 0.063000
1 0.047000 0.845000 0.052000 0.042000
1 0.656000 0.983500 0.058000 0.031000
1 0.863500 0.312500 0.047000 0.053000
1 0.114500 0.844000 0.057000 0.034000
1 0.761000 0.835000 0.074000 0.062000
1 0.162500 0.972000 0.055000 0.054000
1 0.780500 0.783500 0.059000 0.061000
1 0.786500 0.643000 0.059000 0.040000
1 0.831000 0.796000 0.054000 0.050000
1 0.353500 0.468500 0.035000 0.053000
1 0.937500 0.627000 0.073000 0.060000
1 0.479000 0.019000 0.068000 0.038000
1 0.564000 0.586500 0.058000 0.063000
1 0.772000 0.288000 0.042000 0.048000
1 0.823000 0.944000 0.040000 0.056000
1 0.839000 0.116000 0.046000 0.036000
1 0.364000 0.662500 0.046000 0.045000
1 0.526500 0.452500 0.057000 0.041000
1 0.357500 0.251500 0.051000 0.049000
1 0.574500 0.466500 0.043000 0.045000
1 0.234000 0.986000 0.040000 0.026000
1 0.823500 0.858000 0.051000 0.050000
1 0.125500 0.625000 0.039000 0.056000
1 0.564500 0.189000 0.043000 0.044000
1 0.088500 0.185500 0.045000 0.053000
1 0.609500 0.961500 0.045000 0.053000
1 0.171500 0.679000 0.059000 0.040000
1 0.201500 0.811500 0.061000 0.053000
1 0.954000 0.166000 0.054000 0.048000
1 0.710500 0.214500 0.071000 0.057000
1 0.977500 0.362000 0.043000 0.040000
1 0.160000 0.464000 0.034000 0.046000
1 0.874000 0.598500 0.060000 0.055000
1 0.748000 0.692500 0.060000 0.051000
1 0.941500 0.703000 0.033000 0.040000
1 0.082000 0.378000 0.036000 0.034000
1 0.079000 0.465500 0.046000 0.041000