1 0.082000 0.099500 0.070000 0.057000
1 0.270500 0.770500 0.053000 0.043000
1 0.903500 0.824000 0.051000 0.040000
1 0.571000 0.652500 0.052000 0.059000
1 0.250500 0.836500 0.053000 0.035000
1 0.061500 0.211000 0.065000 0.052000
1 0.237000 0.563500 0.068000 0.061000
1 0.837500 0.804500 0.045000 0.037000
1 0.120500 0.286500 0.047000 0.033000
1 0.165000 0.605000 0.064000 0.048000
1 0.968500 0.857000 0.049000 0.038000
1 0.236000 0.064000 0.056000 0.052000
1 0.714500 0.151000 0.061000 0.046000
1 0.694500 0.381000 0.053000 0.062000
1 0.653000 0.277000 0.052000 0.056000
1 0.131000 0.878000 0.044000 0.036000
1 0.153000 0.767500 0.064000 0.073000
1 0.682500 0.830500 0.055000 0.049000
1 0.480500 0.534500 0.063000 0.081000
1 0.097500 0.936500 0.083000 0.085000
1 0.050000 0.479000 0.082000 0.082000
1 0.577500 0.954500 0.059000 0.069000
1 0.119500 0.369000 0.063000 0.060000
1 0.152000 0.122500 0.076000 0.079000
1 0.023500 0.932000 0.047000 0.044000
1 0.163500 0.497000 0.079000 0.080000
1 0.335000 0.974500 0.066000 0.049000
1 0.028000 0.858500 0.056000 0.061000
1 0.077500 0.018500 0.043000 0.029000
1 0.500000 0.074500 0.048000 0.033000
1 0.359000 0.839500 0.038000 0.039000
1 0.784000 0.814500 0.036000 0.043000
1 0.423500 0.809500 0.055000 0.061000
1 0.225000 0.649500 0.056000 0.059000