1 0.298000 0.509000 0.080000 0.078000
1 0.919000 0.698000 0.062000 0.048000
1 0.816000 0.679000 0.060000 0.058000
1 0.356000 0.643000 0.040000 0.058000
1 0.457000 0.063000 0.094000 0.094000
1 0.818000 0.366000 0.072000 0.076000
1 0.183000 0.229000 0.062000 0.070000
1 0.429000 0.299000 0.078000 0.066000
1 0.719000 0.043000 0.066000 0.086000
1 0.923000 0.474000 0.142000 0.088000
1 0.845000 0.028000 0.086000 0.056000
1 0.630000 0.248000 0.076000 0.056000
1 0.570000 0.669000 0.068000 0.058000
1 0.767000 0.820000 0.062000 0.060000
1 0.614000 0.806000 0.076000 0.072000
1 0.080000 0.834000 0.060000 0.064000
1 0.236000 0.700000 0.128000 0.100000