2 0.233000 0.760000 0.062000 0.072000
1 0.273000 0.497000 0.074000 0.090000
1 0.521000 0.371000 0.038000 0.046000
1 0.547000 0.945000 0.074000 0.054000
1 0.113000 0.296000 0.066000 0.064000
1 0.132000 0.745000 0.076000 0.070000
1 0.389000 0.832000 0.070000 0.064000
1 0.389000 0.447000 0.058000 0.050000
1 0.353000 0.685000 0.050000 0.058000
1 0.566000 0.729000 0.060000 0.070000
1 0.964000 0.676000 0.068000 0.092000
1 0.114000 0.493000 0.076000 0.066000
1 0.708000 0.618000 0.088000 0.076000
1 0.529000 0.033000 0.058000 0.058000
1 0.445000 0.865000 0.070000 0.058000
1 0.582000 0.038000 0.048000 0.064000
1 0.570000 0.880000 0.076000 0.068000
1 0.672000 0.223000 0.044000 0.054000
1 0.191000 0.489000 0.070000 0.050000
1 0.293000 0.109000 0.078000 0.066000
1 0.919000 0.961000 0.098000 0.070000
1 0.538000 0.660000 0.140000 0.060000
1 0.055000 0.036000 0.074000 0.052000
1 0.198000 0.611000 0.052000 0.062000
1 0.183000 0.298000 0.058000 0.052000
1 0.484000 0.739000 0.044000 0.086000
2 0.288000 0.624000 0.052000 0.052000
1 0.666000 0.036000 0.060000 0.064000
1 0.366000 0.882000 0.068000 0.068000
1 0.032000 0.295000 0.064000 0.066000
2 0.257000 0.703000 0.054000 0.054000
1 0.524000 0.727000 0.052000 0.066000
2 0.303000 0.706000 0.046000 0.060000
1 0.630000 0.509000 0.096000 0.082000
2 0.476000 0.366000 0.040000 0.052000
1 0.436000 0.422000 0.052000 0.056000
1 0.373000 0.956000 0.082000 0.060000
1 0.533000 0.094000 0.058000 0.052000
1 0.632000 0.419000 0.092000 0.066000
1 0.375000 0.376000 0.078000 0.100000
1 0.858000 0.504000 0.144000 0.064000
1 0.373000 0.746000 0.070000 0.056000