1 0.252000 0.654500 0.076000 0.055000
2 0.446500 0.387000 0.035000 0.028000
2 0.733500 0.547000 0.031000 0.032000
1 0.925000 0.541500 0.036000 0.047000
1 0.930000 0.955000 0.060000 0.036000
1 0.666000 0.964500 0.048000 0.047000
1 0.373000 0.539500 0.076000 0.051000
1 0.973500 0.515000 0.051000 0.048000
1 0.868500 0.983000 0.043000 0.032000
1 0.187000 0.714000 0.054000 0.042000
1 0.843500 0.745000 0.049000 0.042000
1 0.118000 0.701500 0.048000 0.041000
1 0.325000 0.423500 0.034000 0.047000
1 0.022000 0.642000 0.044000 0.046000
1 0.486000 0.966000 0.042000 0.066000
1 0.785500 0.554500 0.049000 0.039000
2 0.827500 0.529000 0.031000 0.034000
1 0.975500 0.574000 0.045000 0.062000
1 0.362500 0.983500 0.073000 0.031000
1 0.205500 0.392500 0.057000 0.041000
1 0.942000 0.879000 0.028000 0.040000
1 0.384000 0.639500 0.096000 0.079000
2 0.129000 0.418000 0.024000 0.034000
1 0.802000 0.613000 0.058000 0.066000
1 0.977000 0.126000 0.042000 0.060000
1 0.901500 0.828000 0.035000 0.032000
1 0.338500 0.819000 0.063000 0.046000
1 0.878000 0.283000 0.056000 0.040000
1 0.679500 0.589000 0.049000 0.034000
1 0.700500 0.140000 0.043000 0.042000
2 0.447500 0.424500 0.035000 0.027000
1 0.116500 0.580500 0.053000 0.041000
1 0.861500 0.235000 0.041000 0.054000
1 0.853000 0.165500 0.072000 0.051000
1 0.866000 0.695500 0.038000 0.045000