2 0.928000 0.951000 0.142000 0.092000
2 0.168500 0.795000 0.139000 0.128000
2 0.281500 0.345500 0.107000 0.111000
2 0.319500 0.952500 0.109000 0.093000
2 0.057500 0.078500 0.115000 0.119000
2 0.336000 0.570500 0.120000 0.123000
2 0.948500 0.269500 0.101000 0.107000
1 0.142500 0.611500 0.181000 0.165000
2 0.805000 0.852000 0.148000 0.138000
2 0.445500 0.858000 0.147000 0.126000
2 0.051500 0.891500 0.103000 0.123000
2 0.902000 0.684000 0.120000 0.128000
2 0.532500 0.553500 0.121000 0.127000
2 0.366500 0.693000 0.117000 0.116000
2 0.254500 0.452000 0.091000 0.086000
1 0.284500 0.118000 0.175000 0.176000
2 0.801000 0.561000 0.122000 0.122000
2 0.554000 0.333500 0.118000 0.115000
2 0.522000 0.447000 0.098000 0.086000
2 0.615500 0.117000 0.133000 0.120000
2 0.778500 0.136500 0.135000 0.151000
2 0.158500 0.957000 0.121000 0.084000
2 0.725500 0.407000 0.133000 0.130000
2 0.121500 0.446000 0.135000 0.140000
2 0.443000 0.221500 0.138000 0.133000
2 0.578000 0.707500 0.114000 0.095000
2 0.706000 0.941500 0.108000 0.115000