1 0.461500 0.649500 0.061000 0.045000
1 0.187500 0.959500 0.053000 0.039000
1 0.868500 0.572000 0.055000 0.044000
1 0.786500 0.922500 0.041000 0.051000
1 0.748500 0.410000 0.065000 0.030000
1 0.107000 0.728500 0.060000 0.041000
1 0.740000 0.641000 0.058000 0.044000
1 0.801500 0.643000 0.057000 0.046000
1 0.393000 0.531500 0.070000 0.051000
1 0.627000 0.421000 0.032000 0.052000
1 0.681000 0.436000 0.038000 0.068000
1 0.346000 0.735500 0.044000 0.059000
1 0.348500 0.649000 0.045000 0.096000
1 0.868500 0.650000 0.065000 0.044000
1 0.786000 0.777500 0.054000 0.065000
1 0.065000 0.964000 0.042000 0.038000
1 0.188500 0.687500 0.057000 0.041000
1 0.201500 0.776500 0.061000 0.043000
1 0.968500 0.557000 0.053000 0.050000
1 0.904500 0.828000 0.075000 0.048000
1 0.921500 0.568500 0.033000 0.053000
1 0.574000 0.434500 0.040000 0.075000
1 0.298500 0.514000 0.057000 0.044000
1 0.533500 0.949000 0.059000 0.050000
1 0.974000 0.415000 0.050000 0.048000
1 0.467500 0.788500 0.059000 0.067000
1 0.521000 0.661000 0.050000 0.046000
1 0.465000 0.540000 0.058000 0.048000
1 0.468000 0.886500 0.064000 0.049000
2 0.301500 0.681000 0.047000 0.058000
1 0.402500 0.775000 0.053000 0.040000
1 0.532500 0.535000 0.051000 0.038000
1 0.401000 0.650500 0.054000 0.061000
1 0.286500 0.732000 0.061000 0.044000
1 0.511500 0.707000 0.045000 0.036000