2 0.915000 0.187500 0.040000 0.035000
2 0.807000 0.165000 0.054000 0.028000
1 0.941000 0.879000 0.022000 0.034000
2 0.684000 0.902000 0.032000 0.038000
1 0.651500 0.813500 0.027000 0.037000
2 0.927500 0.580000 0.023000 0.034000
1 0.715000 0.290000 0.024000 0.034000
2 0.958000 0.494000 0.022000 0.024000
2 0.817000 0.718000 0.022000 0.024000
2 0.576500 0.828500 0.025000 0.031000
2 0.774500 0.874000 0.029000 0.040000
1 0.669500 0.420500 0.025000 0.049000
2 0.755000 0.298500 0.026000 0.023000
2 0.948000 0.146500 0.024000 0.037000
1 0.872000 0.420500 0.022000 0.041000
2 0.973500 0.291500 0.023000 0.033000