1 0.390000 0.967000 0.108000 0.062000
1 0.940000 0.835000 0.076000 0.082000
1 0.580000 0.949000 0.104000 0.074000
1 0.118000 0.139000 0.100000 0.062000
1 0.732000 0.066000 0.176000 0.116000
1 0.759000 0.702000 0.078000 0.064000
1 0.959000 0.562000 0.078000 0.056000
1 0.289000 0.191000 0.106000 0.094000
1 0.576000 0.089000 0.132000 0.098000
1 0.146000 0.739000 0.112000 0.094000
1 0.966000 0.641000 0.064000 0.074000
1 0.149000 0.303000 0.078000 0.058000
1 0.358000 0.603000 0.072000 0.054000
1 0.804000 0.957000 0.044000 0.058000
1 0.757000 0.801000 0.050000 0.042000
1 0.939000 0.932000 0.058000 0.060000
1 0.746000 0.938000 0.056000 0.056000