1 0.622500 0.649000 0.053000 0.064000
1 0.103500 0.261000 0.057000 0.062000
1 0.605000 0.262000 0.060000 0.066000
1 0.637000 0.743500 0.042000 0.033000
1 0.436500 0.149000 0.033000 0.042000
1 0.620000 0.568500 0.046000 0.053000
1 0.108000 0.100000 0.084000 0.102000
1 0.465000 0.700500 0.044000 0.065000
1 0.456000 0.045000 0.024000 0.052000
1 0.542500 0.613500 0.027000 0.041000
1 0.451000 0.378000 0.060000 0.086000
1 0.086000 0.189500 0.026000 0.055000
1 0.717000 0.505000 0.072000 0.060000
1 0.495500 0.048500 0.051000 0.037000
1 0.036000 0.188000 0.038000 0.048000