1 0.526500 0.837500 0.063000 0.055000
1 0.575500 0.140000 0.033000 0.056000
1 0.265000 0.807000 0.068000 0.080000
1 0.668500 0.899500 0.073000 0.053000
1 0.601500 0.799500 0.033000 0.039000
1 0.413500 0.121000 0.051000 0.056000
1 0.914000 0.881000 0.062000 0.036000
1 0.482500 0.329000 0.047000 0.042000
1 0.117500 0.591000 0.049000 0.036000
1 0.835500 0.821500 0.039000 0.071000
1 0.555000 0.370500 0.048000 0.043000
1 0.705500 0.500000 0.045000 0.048000
1 0.308500 0.063000 0.045000 0.050000
1 0.182500 0.069000 0.031000 0.052000
1 0.743500 0.975500 0.037000 0.047000
1 0.719000 0.013000 0.048000 0.026000
1 0.700000 0.635500 0.064000 0.047000
1 0.772500 0.456500 0.055000 0.029000
1 0.043500 0.740000 0.057000 0.040000
1 0.031000 0.576500 0.040000 0.029000
1 0.968000 0.591500 0.056000 0.121000
1 0.238500 0.620500 0.041000 0.035000
1 0.773500 0.797000 0.039000 0.040000
1 0.177000 0.786500 0.050000 0.051000
1 0.790500 0.367000 0.065000 0.050000
1 0.959500 0.089500 0.047000 0.039000
1 0.928500 0.152500 0.047000 0.041000