1 0.251500 0.499500 0.059000 0.055000
1 0.891000 0.494500 0.050000 0.069000
1 0.624000 0.974500 0.052000 0.049000
1 0.196000 0.721000 0.042000 0.060000
1 0.259500 0.800500 0.047000 0.047000
1 0.195500 0.131500 0.067000 0.047000
1 0.113500 0.137500 0.069000 0.049000
1 0.358000 0.076500 0.056000 0.045000
1 0.557500 0.073500 0.041000 0.069000
1 0.540000 0.266000 0.056000 0.044000
1 0.695500 0.602500 0.051000 0.039000
1 0.239000 0.914500 0.044000 0.051000
1 0.273000 0.294000 0.050000 0.042000
1 0.496000 0.859000 0.066000 0.044000
1 0.189500 0.613000 0.049000 0.044000
1 0.542500 0.492000 0.051000 0.044000
1 0.320000 0.297000 0.044000 0.064000
1 0.533000 0.428000 0.056000 0.070000
1 0.474000 0.495500 0.042000 0.037000
1 0.564500 0.969500 0.047000 0.059000
1 0.333500 0.497500 0.033000 0.059000
1 0.616000 0.606500 0.062000 0.051000
1 0.705500 0.422500 0.037000 0.037000
1 0.264500 0.606000 0.053000 0.042000
1 0.108000 0.703500 0.030000 0.049000
1 0.965500 0.974500 0.067000 0.045000
1 0.869000 0.852500 0.078000 0.101000
1 0.428500 0.855000 0.059000 0.066000
1 0.601500 0.276500 0.051000 0.057000
1 0.474000 0.265500 0.062000 0.055000
1 0.177500 0.499500 0.069000 0.065000
1 0.493500 0.097000 0.057000 0.048000
1 0.531500 0.698000 0.039000 0.052000
1 0.711000 0.826000 0.070000 0.072000
1 0.916500 0.648500 0.041000 0.061000
1 0.933500 0.730000 0.061000 0.056000
1 0.147500 0.330000 0.059000 0.094000
1 0.109500 0.515500 0.057000 0.057000
1 0.337000 0.600500 0.060000 0.043000
1 0.877000 0.076000 0.082000 0.068000
1 0.700000 0.297500 0.126000 0.143000
1 0.296000 0.080500 0.052000 0.049000
1 0.243500 0.060000 0.045000 0.046000
1 0.418500 0.289000 0.049000 0.086000
1 0.826000 0.732500 0.032000 0.057000
1 0.259500 0.854000 0.067000 0.060000
1 0.708500 0.500500 0.055000 0.057000
1 0.625000 0.104500 0.064000 0.037000
1 0.168500 0.014500 0.077000 0.029000
1 0.877500 0.365000 0.081000 0.062000
1 0.873500 0.739500 0.055000 0.041000
1 0.433000 0.971000 0.044000 0.038000