1 0.275000 0.870500 0.056000 0.043000
1 0.513500 0.556000 0.025000 0.022000
1 0.853500 0.752000 0.041000 0.040000
1 0.949500 0.579000 0.045000 0.030000
1 0.490500 0.671500 0.047000 0.033000
1 0.897500 0.589000 0.057000 0.046000
1 0.127000 0.935500 0.042000 0.045000
1 0.370000 0.699500 0.046000 0.035000
1 0.519000 0.577500 0.028000 0.027000
1 0.835000 0.497000 0.030000 0.042000
1 0.047500 0.691000 0.035000 0.046000
1 0.938000 0.857500 0.072000 0.075000
1 0.765500 0.615000 0.049000 0.026000
1 0.784500 0.693500 0.051000 0.041000
1 0.135500 0.776000 0.059000 0.050000
1 0.734500 0.594500 0.029000 0.039000
1 0.252500 0.932500 0.055000 0.041000
1 0.687500 0.654500 0.067000 0.053000
1 0.827500 0.578000 0.071000 0.066000
1 0.924500 0.721500 0.051000 0.073000
1 0.536500 0.539500 0.039000 0.045000
1 0.579500 0.599000 0.081000 0.054000