1 0.251000 0.948000 0.070000 0.068000
1 0.451000 0.971000 0.062000 0.054000
0 0.967000 0.160000 0.030000 0.040000
1 0.621000 0.639000 0.098000 0.050000
1 0.681000 0.840000 0.050000 0.056000
0 0.860000 0.147000 0.036000 0.038000
1 0.681000 0.711000 0.046000 0.058000
1 0.937000 0.795000 0.122000 0.138000
1 0.455000 0.878000 0.070000 0.068000
1 0.531000 0.630000 0.078000 0.056000
1 0.568000 0.771000 0.052000 0.058000
1 0.567000 0.704000 0.042000 0.056000
1 0.964000 0.700000 0.068000 0.132000
1 0.344000 0.848000 0.072000 0.064000
1 0.214000 0.818000 0.064000 0.060000
1 0.476000 0.602000 0.044000 0.092000
1 0.813000 0.796000 0.082000 0.160000
1 0.456000 0.758000 0.048000 0.056000
1 0.679000 0.933000 0.054000 0.070000
1 0.678000 0.776000 0.052000 0.060000