1 0.651000 0.934500 0.056000 0.055000
1 0.324500 0.968500 0.063000 0.055000
0 0.592000 0.924500 0.066000 0.049000
1 0.256500 0.037000 0.113000 0.074000
1 0.389000 0.253500 0.068000 0.049000
1 0.936500 0.312000 0.061000 0.058000
1 0.202500 0.496500 0.037000 0.043000
1 0.895500 0.526000 0.063000 0.056000
1 0.140500 0.982000 0.053000 0.034000
1 0.554500 0.602500 0.121000 0.087000
1 0.292000 0.257000 0.106000 0.070000
1 0.379500 0.964000 0.047000 0.070000
1 0.747000 0.939000 0.048000 0.094000
1 0.502000 0.951500 0.072000 0.065000
1 0.190000 0.983500 0.044000 0.031000
1 0.087000 0.045000 0.174000 0.090000
1 0.274000 0.972000 0.046000 0.054000
1 0.270500 0.736500 0.031000 0.033000
1 0.307500 0.148500 0.197000 0.081000
1 0.837000 0.938500 0.048000 0.041000
1 0.434500 0.962500 0.063000 0.073000