1 0.207000 0.514500 0.060000 0.063000
1 0.582000 0.736000 0.074000 0.074000
1 0.613500 0.476000 0.075000 0.082000
1 0.605000 0.365500 0.114000 0.089000
1 0.721000 0.388500 0.048000 0.051000
1 0.368500 0.967500 0.051000 0.047000
1 0.481500 0.894000 0.053000 0.050000
1 0.566500 0.900000 0.053000 0.062000
1 0.166500 0.094000 0.059000 0.032000
1 0.246500 0.980000 0.069000 0.036000
1 0.739000 0.733000 0.094000 0.054000
1 0.497500 0.184000 0.053000 0.044000
1 0.487500 0.306000 0.055000 0.046000
1 0.973500 0.779500 0.051000 0.055000
1 0.968000 0.967000 0.062000 0.064000
2 0.390500 0.728000 0.049000 0.044000
1 0.221000 0.434000 0.050000 0.062000
1 0.123000 0.488500 0.036000 0.053000
1 0.290500 0.219500 0.093000 0.065000
1 0.307000 0.724500 0.052000 0.035000
1 0.175500 0.440500 0.041000 0.045000
1 0.634000 0.165000 0.092000 0.064000