1 0.095000 0.302000 0.064000 0.052000
1 0.554500 0.434000 0.071000 0.054000
1 0.619500 0.297500 0.073000 0.059000
1 0.536000 0.800000 0.046000 0.060000
1 0.169500 0.309500 0.051000 0.049000
1 0.064000 0.389500 0.060000 0.051000
1 0.684000 0.407500 0.058000 0.051000
1 0.956500 0.155500 0.043000 0.077000
1 0.434000 0.344500 0.082000 0.077000
1 0.720000 0.597500 0.072000 0.063000
1 0.575500 0.800500 0.041000 0.053000
1 0.469000 0.785000 0.040000 0.034000
1 0.983000 0.292500 0.032000 0.031000
1 0.545500 0.217000 0.037000 0.040000
1 0.653000 0.478500 0.094000 0.081000
1 0.318000 0.792000 0.038000 0.050000
1 0.582500 0.529000 0.079000 0.084000
1 0.658000 0.936500 0.086000 0.065000
1 0.483000 0.036500 0.068000 0.065000
1 0.495000 0.369500 0.046000 0.077000
1 0.243000 0.513500 0.064000 0.051000
1 0.582500 0.207500 0.035000 0.037000
1 0.653500 0.552500 0.073000 0.089000
1 0.429000 0.563500 0.056000 0.059000
1 0.432000 0.778000 0.034000 0.030000
1 0.375500 0.498500 0.051000 0.041000
1 0.476500 0.884500 0.061000 0.043000