1 0.655000 0.184000 0.042000 0.032000
1 0.109500 0.547000 0.041000 0.048000
1 0.545000 0.578500 0.036000 0.041000
1 0.471500 0.240000 0.041000 0.048000
1 0.121000 0.814500 0.042000 0.051000
1 0.500500 0.612500 0.041000 0.055000
1 0.515000 0.671000 0.034000 0.052000
1 0.421000 0.553000 0.032000 0.046000
1 0.600500 0.614000 0.047000 0.024000
1 0.682500 0.353500 0.043000 0.045000
2 0.581000 0.464500 0.022000 0.041000
1 0.017000 0.735000 0.034000 0.062000
1 0.368000 0.637000 0.048000 0.042000
1 0.744500 0.106500 0.047000 0.071000
2 0.134500 0.916500 0.029000 0.029000
1 0.017000 0.884000 0.034000 0.060000
1 0.623000 0.128500 0.034000 0.049000
1 0.735000 0.204000 0.046000 0.024000
1 0.723000 0.968500 0.046000 0.061000
1 0.938500 0.707500 0.053000 0.047000
1 0.165000 0.352500 0.046000 0.055000
2 0.714500 0.847000 0.021000 0.026000
1 0.219000 0.809500 0.024000 0.029000
1 0.855000 0.528000 0.036000 0.052000
1 0.942500 0.535000 0.035000 0.034000
2 0.490000 0.424500 0.024000 0.025000
1 0.851500 0.221500 0.049000 0.059000
1 0.912500 0.376500 0.043000 0.051000
1 0.454500 0.678500 0.053000 0.043000
2 0.155000 0.871500 0.032000 0.033000
1 0.316500 0.895500 0.055000 0.049000
1 0.444000 0.157000 0.038000 0.054000
1 0.659000 0.295000 0.054000 0.064000
1 0.944000 0.954500 0.042000 0.053000
1 0.725500 0.439500 0.055000 0.059000
1 0.150000 0.671000 0.032000 0.044000
1 0.168000 0.177000 0.046000 0.034000
1 0.176000 0.025500 0.056000 0.031000
1 0.793500 0.526000 0.037000 0.076000
1 0.221500 0.951500 0.051000 0.043000