2 0.401000 0.654000 0.070000 0.076000
1 0.049000 0.639000 0.082000 0.078000
1 0.066000 0.738000 0.080000 0.068000
1 0.560000 0.243000 0.052000 0.074000
1 0.130000 0.846000 0.084000 0.048000
1 0.689000 0.096000 0.066000 0.088000
1 0.260000 0.841000 0.056000 0.054000
1 0.685000 0.295000 0.062000 0.058000
2 0.736000 0.746000 0.048000 0.048000
1 0.320000 0.096000 0.068000 0.060000
1 0.037000 0.900000 0.070000 0.084000
1 0.174000 0.145000 0.064000 0.058000
1 0.773000 0.671000 0.070000 0.058000
1 0.446000 0.282000 0.052000 0.040000
1 0.107000 0.405000 0.082000 0.122000
1 0.561000 0.561000 0.058000 0.058000
1 0.283000 0.357000 0.086000 0.070000
1 0.839000 0.424000 0.070000 0.076000
1 0.912000 0.261000 0.072000 0.070000
1 0.524000 0.789000 0.084000 0.078000
1 0.193000 0.194000 0.070000 0.064000
1 0.785000 0.871000 0.070000 0.062000
1 0.443000 0.897000 0.082000 0.102000
1 0.481000 0.696000 0.070000 0.088000
1 0.086000 0.104000 0.084000 0.084000
1 0.133000 0.625000 0.082000 0.070000
1 0.693000 0.919000 0.086000 0.082000
1 0.204000 0.913000 0.056000 0.066000
1 0.219000 0.269000 0.094000 0.086000
1 0.541000 0.314000 0.070000 0.064000
1 0.250000 0.668000 0.088000 0.092000
1 0.937000 0.955000 0.066000 0.070000
1 0.323000 0.897000 0.078000 0.058000
1 0.134000 0.908000 0.064000 0.060000
1 0.237000 0.026000 0.070000 0.048000
1 0.694000 0.711000 0.060000 0.058000
1 0.460000 0.461000 0.060000 0.070000