1 0.735500 0.097000 0.193000 0.194000
1 0.966000 0.389000 0.066000 0.174000
2 0.419000 0.761000 0.146000 0.146000
1 0.252500 0.623000 0.217000 0.198000
1 0.402500 0.326000 0.193000 0.198000
2 0.043000 0.725500 0.086000 0.119000
2 0.283000 0.869500 0.152000 0.151000
1 0.845000 0.545500 0.186000 0.207000
2 0.952000 0.213000 0.086000 0.160000
2 0.859000 0.787500 0.162000 0.151000
2 0.114500 0.926000 0.149000 0.142000
1 0.191500 0.112500 0.215000 0.207000
2 0.717000 0.621000 0.124000 0.118000
2 0.523500 0.152500 0.167000 0.161000
1 0.091000 0.472500 0.182000 0.183000
1 0.678000 0.290000 0.072000 0.126000
2 0.531000 0.930500 0.164000 0.131000