1 0.227000 0.615000 0.048000 0.046000
1 0.287000 0.420500 0.056000 0.047000
1 0.846500 0.323000 0.033000 0.038000
1 0.136500 0.338500 0.059000 0.049000
1 0.029500 0.089500 0.037000 0.037000
1 0.915500 0.221000 0.063000 0.046000
1 0.754000 0.338500 0.042000 0.031000
1 0.099500 0.160500 0.055000 0.035000
1 0.645000 0.822500 0.054000 0.037000
1 0.858000 0.591000 0.046000 0.030000
1 0.838000 0.277000 0.040000 0.026000
1 0.919000 0.590500 0.050000 0.033000
1 0.147500 0.457000 0.047000 0.042000
1 0.914500 0.410000 0.065000 0.056000
1 0.388000 0.407500 0.052000 0.043000
1 0.926500 0.121500 0.067000 0.053000
1 0.138500 0.224500 0.039000 0.053000
1 0.660500 0.717000 0.055000 0.040000
1 0.765500 0.636500 0.039000 0.037000
1 0.105500 0.260000 0.085000 0.040000
1 0.477500 0.393500 0.059000 0.065000
1 0.033500 0.302500 0.055000 0.051000
1 0.230500 0.807000 0.051000 0.036000