1 0.475500 0.486500 0.041000 0.031000
1 0.902000 0.965000 0.044000 0.030000
1 0.169500 0.299000 0.077000 0.058000
1 0.981000 0.561000 0.036000 0.056000
1 0.477000 0.874000 0.030000 0.024000
1 0.646500 0.499000 0.077000 0.086000
1 0.487500 0.910000 0.059000 0.050000
1 0.190000 0.487500 0.070000 0.053000
1 0.239000 0.877500 0.076000 0.117000
1 0.340500 0.480000 0.065000 0.078000
1 0.069000 0.587500 0.068000 0.059000
1 0.034500 0.394500 0.027000 0.035000
1 0.928500 0.785500 0.061000 0.073000
1 0.500500 0.523500 0.055000 0.075000