1 0.852500 0.022500 0.041000 0.045000
1 0.444000 0.628000 0.050000 0.038000
1 0.792000 0.419500 0.062000 0.051000
1 0.454500 0.495000 0.057000 0.046000
1 0.922000 0.154500 0.080000 0.073000
1 0.822500 0.178000 0.047000 0.036000
1 0.129500 0.554000 0.083000 0.102000
1 0.921000 0.528500 0.066000 0.069000
1 0.872000 0.392000 0.074000 0.056000
1 0.155500 0.106000 0.047000 0.054000
1 0.248500 0.332500 0.051000 0.045000
1 0.451000 0.715500 0.044000 0.065000
1 0.265500 0.197500 0.067000 0.051000
1 0.739000 0.217500 0.050000 0.061000
1 0.690000 0.240500 0.058000 0.043000
1 0.255500 0.924000 0.051000 0.056000
1 0.205000 0.013500 0.050000 0.023000
1 0.163500 0.911500 0.035000 0.047000
1 0.518500 0.842000 0.083000 0.094000
1 0.568500 0.278000 0.049000 0.042000
1 0.547000 0.050500 0.088000 0.037000
1 0.513000 0.743000 0.060000 0.040000
1 0.551500 0.098500 0.051000 0.059000
1 0.576500 0.141500 0.065000 0.059000
1 0.183000 0.201000 0.054000 0.056000
1 0.728500 0.304000 0.087000 0.066000
1 0.869500 0.622000 0.037000 0.038000
1 0.016500 0.603000 0.029000 0.066000
1 0.841000 0.276500 0.060000 0.065000
1 0.335500 0.609500 0.079000 0.055000
1 0.056500 0.260000 0.041000 0.044000
1 0.251500 0.071000 0.045000 0.048000
1 0.530500 0.388500 0.079000 0.055000
1 0.961500 0.026000 0.053000 0.052000
1 0.252000 0.435000 0.044000 0.050000
1 0.094000 0.095500 0.038000 0.051000
1 0.649500 0.086500 0.045000 0.037000
1 0.552000 0.613000 0.066000 0.050000
1 0.142500 0.320500 0.057000 0.049000
1 0.069500 0.182500 0.049000 0.059000
1 0.298500 0.682000 0.065000 0.058000
1 0.044500 0.838500 0.057000 0.055000
1 0.552000 0.019000 0.062000 0.028000
1 0.916000 0.014500 0.042000 0.027000
1 0.381500 0.693500 0.107000 0.065000
1 0.499500 0.134500 0.049000 0.059000
1 0.313500 0.308000 0.051000 0.042000
1 0.595000 0.411500 0.030000 0.059000
1 0.234000 0.630500 0.064000 0.057000
1 0.652000 0.832000 0.038000 0.046000
1 0.664000 0.609000 0.054000 0.068000
1 0.374500 0.174500 0.079000 0.059000
1 0.495500 0.254500 0.057000 0.059000
1 0.905000 0.470500 0.066000 0.053000
1 0.071500 0.028000 0.045000 0.056000
1 0.357000 0.524500 0.066000 0.057000
1 0.033500 0.409500 0.065000 0.053000
1 0.222000 0.380500 0.098000 0.023000
1 0.417000 0.406500 0.054000 0.041000
1 0.263000 0.861500 0.054000 0.051000
1 0.832000 0.111500 0.042000 0.049000
1 0.793500 0.906000 0.051000 0.056000
1 0.769500 0.847000 0.059000 0.034000
1 0.576500 0.521000 0.069000 0.066000
1 0.513500 0.505000 0.035000 0.090000
1 0.206500 0.108000 0.035000 0.048000
1 0.753000 0.971000 0.066000 0.056000