1 0.384000 0.302000 0.056000 0.036000
1 0.975000 0.260000 0.030000 0.056000
1 0.416000 0.614000 0.124000 0.096000
1 0.401000 0.535000 0.058000 0.042000
1 0.142000 0.589000 0.060000 0.086000
1 0.766000 0.949000 0.068000 0.058000
1 0.293000 0.924000 0.134000 0.128000
1 0.895000 0.261000 0.138000 0.118000
1 0.373000 0.411000 0.058000 0.066000
1 0.202000 0.282000 0.076000 0.064000
1 0.127000 0.717000 0.174000 0.066000
1 0.649000 0.415000 0.070000 0.070000
1 0.813000 0.155000 0.082000 0.070000
1 0.573000 0.072000 0.106000 0.076000
1 0.944000 0.366000 0.036000 0.060000
1 0.395000 0.259000 0.074000 0.058000
1 0.083000 0.257000 0.098000 0.058000
1 0.815000 0.103000 0.046000 0.022000
1 0.648000 0.641000 0.084000 0.066000
1 0.542000 0.127000 0.048000 0.034000