1 0.705000 0.603000 0.106000 0.102000
1 0.863000 0.114000 0.094000 0.076000
1 0.046000 0.614000 0.092000 0.092000
1 0.942000 0.148000 0.052000 0.088000
1 0.965000 0.370000 0.066000 0.096000
1 0.366000 0.424000 0.080000 0.084000
1 0.411000 0.458000 0.078000 0.076000
1 0.198000 0.571000 0.104000 0.098000
1 0.356000 0.059000 0.088000 0.074000
1 0.807000 0.631000 0.062000 0.054000
1 0.186000 0.675000 0.060000 0.050000
1 0.382000 0.883000 0.068000 0.090000
1 0.323000 0.701000 0.078000 0.082000
1 0.158000 0.476000 0.096000 0.084000
1 0.849000 0.528000 0.062000 0.052000
1 0.795000 0.534000 0.062000 0.072000
1 0.961000 0.955000 0.074000 0.086000
1 0.063000 0.145000 0.126000 0.134000
1 0.881000 0.559000 0.074000 0.070000
1 0.543000 0.489000 0.094000 0.110000
1 0.659000 0.226000 0.078000 0.080000
1 0.341000 0.557000 0.114000 0.114000
1 0.754000 0.780000 0.064000 0.056000
1 0.427000 0.149000 0.102000 0.078000
1 0.232000 0.425000 0.088000 0.094000
1 0.830000 0.970000 0.064000 0.056000
1 0.804000 0.257000 0.120000 0.082000
1 0.192000 0.925000 0.088000 0.078000
1 0.643000 0.752000 0.094000 0.104000
1 0.285000 0.034000 0.050000 0.056000
1 0.350000 0.335000 0.104000 0.118000
1 0.747000 0.350000 0.074000 0.076000
1 0.196000 0.039000 0.088000 0.078000
1 0.701000 0.882000 0.074000 0.068000
1 0.530000 0.283000 0.108000 0.098000
2 0.739000 0.703000 0.054000 0.050000
1 0.466000 0.769000 0.104000 0.086000
1 0.732000 0.056000 0.060000 0.052000
1 0.040000 0.775000 0.060000 0.082000
1 0.772000 0.842000 0.072000 0.064000
1 0.297000 0.397000 0.074000 0.070000
1 0.753000 0.479000 0.074000 0.074000
1 0.636000 0.667000 0.064000 0.054000
1 0.301000 0.909000 0.074000 0.078000
1 0.527000 0.135000 0.066000 0.058000
1 0.210000 0.762000 0.124000 0.088000