1 0.966500 0.136000 0.065000 0.062000
1 0.488000 0.673500 0.074000 0.053000
1 0.426000 0.975000 0.086000 0.030000
1 0.599000 0.717500 0.068000 0.051000
1 0.762000 0.091500 0.054000 0.043000
1 0.348000 0.877000 0.058000 0.044000
1 0.813500 0.178000 0.057000 0.066000
1 0.589500 0.387500 0.051000 0.043000
1 0.566000 0.839000 0.046000 0.048000
1 0.977000 0.487000 0.040000 0.056000
1 0.029000 0.575500 0.056000 0.071000
1 0.162500 0.741000 0.053000 0.040000
1 0.777500 0.934000 0.047000 0.040000
1 0.772000 0.763000 0.046000 0.040000
1 0.034500 0.831500 0.045000 0.029000
1 0.841500 0.644000 0.067000 0.062000
1 0.367500 0.184500 0.067000 0.063000
1 0.887500 0.965500 0.089000 0.067000
1 0.877000 0.470000 0.062000 0.040000
1 0.670000 0.732500 0.052000 0.059000
1 0.638000 0.624500 0.048000 0.055000
1 0.696500 0.920000 0.065000 0.036000
1 0.270500 0.061500 0.055000 0.049000
1 0.913500 0.048000 0.079000 0.074000
1 0.922000 0.183500 0.060000 0.057000
1 0.728500 0.629500 0.051000 0.051000
1 0.216500 0.038000 0.053000 0.058000
1 0.642500 0.909000 0.031000 0.036000
1 0.808000 0.860500 0.034000 0.033000
1 0.409000 0.659000 0.040000 0.042000
1 0.076000 0.743000 0.084000 0.066000
1 0.640000 0.474000 0.068000 0.062000