0 0.930000 0.880000 0.048000 0.052000
1 0.933000 0.243000 0.062000 0.074000
1 0.859000 0.091000 0.066000 0.074000
1 0.448000 0.581000 0.092000 0.102000
1 0.403000 0.778000 0.094000 0.096000
1 0.425000 0.927000 0.126000 0.142000
0 0.929000 0.966000 0.046000 0.056000
1 0.914000 0.180000 0.064000 0.076000
1 0.058000 0.954000 0.116000 0.088000
0 0.971000 0.827000 0.046000 0.058000
1 0.978000 0.249000 0.040000 0.070000
1 0.293000 0.892000 0.098000 0.100000
1 0.427000 0.500000 0.094000 0.100000
1 0.300000 0.658000 0.092000 0.100000
1 0.817000 0.042000 0.066000 0.076000
1 0.351000 0.715000 0.098000 0.098000
1 0.250000 0.847000 0.100000 0.090000
1 0.200000 0.784000 0.096000 0.100000
0 0.888000 0.933000 0.056000 0.062000
1 0.734000 0.540000 0.116000 0.156000