1 0.496500 0.585500 0.053000 0.037000
1 0.271500 0.045000 0.039000 0.022000
1 0.032000 0.544000 0.036000 0.016000
1 0.584000 0.521500 0.074000 0.059000
1 0.875500 0.602500 0.089000 0.141000
1 0.782500 0.043000 0.071000 0.034000
1 0.195500 0.312500 0.043000 0.041000
1 0.753500 0.397000 0.029000 0.034000
1 0.686500 0.444000 0.043000 0.024000
1 0.212500 0.479500 0.063000 0.057000
1 0.284000 0.622000 0.054000 0.048000
1 0.017000 0.463000 0.018000 0.028000
1 0.120500 0.200000 0.045000 0.028000
1 0.112500 0.060000 0.071000 0.060000
1 0.409000 0.494500 0.044000 0.043000
1 0.128500 0.740500 0.063000 0.057000
1 0.288500 0.099000 0.059000 0.056000
1 0.612000 0.873000 0.022000 0.044000
1 0.292000 0.438000 0.080000 0.050000
1 0.506500 0.373500 0.037000 0.031000
1 0.226000 0.734000 0.040000 0.020000
1 0.433000 0.327500 0.034000 0.045000
1 0.183000 0.244000 0.056000 0.038000
1 0.179500 0.169000 0.049000 0.044000
1 0.968500 0.361500 0.051000 0.055000
1 0.438500 0.285000 0.035000 0.034000
1 0.387500 0.663000 0.061000 0.026000
1 0.430000 0.209000 0.034000 0.044000
1 0.831500 0.372000 0.059000 0.066000
1 0.406500 0.560500 0.047000 0.039000
1 0.380500 0.393000 0.037000 0.034000
1 0.337500 0.108500 0.043000 0.051000
1 0.289500 0.502000 0.055000 0.044000
1 0.509000 0.456000 0.036000 0.054000
1 0.128500 0.159000 0.039000 0.046000
1 0.065500 0.026500 0.057000 0.053000
1 0.459500 0.955500 0.045000 0.019000
1 0.215000 0.087000 0.042000 0.052000
1 0.038000 0.494500 0.050000 0.049000
1 0.528000 0.912000 0.042000 0.024000
1 0.403000 0.877500 0.022000 0.045000
1 0.623500 0.299500 0.055000 0.051000
1 0.510000 0.328000 0.052000 0.044000
1 0.319500 0.037000 0.025000 0.070000
1 0.560500 0.300500 0.033000 0.045000
1 0.630000 0.395500 0.020000 0.035000
1 0.053000 0.606000 0.038000 0.034000
1 0.292500 0.366000 0.045000 0.044000
1 0.344000 0.649000 0.026000 0.056000
1 0.134000 0.789000 0.046000 0.032000
1 0.243000 0.357000 0.022000 0.046000
1 0.202500 0.410000 0.079000 0.042000
1 0.527000 0.283500 0.022000 0.033000
1 0.883000 0.152500 0.064000 0.029000
1 0.168000 0.572500 0.058000 0.069000
1 0.577000 0.866000 0.038000 0.036000
1 0.918000 0.492500 0.058000 0.057000
1 0.723000 0.495500 0.036000 0.041000