1 0.061000 0.070000 0.052000 0.084000
1 0.393500 0.288500 0.063000 0.059000
1 0.098500 0.868000 0.057000 0.062000
2 0.203000 0.677000 0.042000 0.032000
1 0.577000 0.707500 0.054000 0.055000
1 0.246000 0.769000 0.060000 0.042000
1 0.124000 0.524500 0.046000 0.069000
1 0.061500 0.604000 0.033000 0.060000
1 0.082500 0.248500 0.063000 0.061000
1 0.110500 0.598000 0.059000 0.076000
1 0.449500 0.955500 0.139000 0.087000
1 0.471000 0.468500 0.062000 0.077000
1 0.018500 0.888000 0.037000 0.058000
1 0.412000 0.664500 0.058000 0.045000
1 0.236000 0.041000 0.070000 0.058000
1 0.644500 0.258000 0.069000 0.082000
1 0.958500 0.691000 0.047000 0.040000
1 0.198000 0.524500 0.068000 0.055000
1 0.236500 0.266000 0.051000 0.036000
1 0.224000 0.153000 0.066000 0.054000
1 0.605500 0.462000 0.091000 0.074000
1 0.346000 0.671000 0.060000 0.080000
1 0.591000 0.796500 0.062000 0.057000
1 0.410000 0.223500 0.066000 0.081000
1 0.077500 0.358500 0.047000 0.065000
1 0.276000 0.977500 0.070000 0.043000