1 0.574500 0.402000 0.145000 0.130000
1 0.399000 0.743000 0.084000 0.086000
1 0.689000 0.338500 0.150000 0.139000
1 0.586500 0.066000 0.147000 0.106000
1 0.923000 0.650000 0.152000 0.174000
1 0.608000 0.265500 0.098000 0.099000
1 0.384000 0.166000 0.182000 0.168000
1 0.880000 0.575500 0.094000 0.067000
1 0.621000 0.157000 0.068000 0.092000
2 0.653500 0.829000 0.089000 0.086000
1 0.295000 0.882000 0.200000 0.192000
1 0.094500 0.701000 0.185000 0.164000
1 0.653000 0.923500 0.104000 0.087000
1 0.806500 0.590500 0.091000 0.113000
1 0.874000 0.459500 0.074000 0.075000
1 0.651000 0.465000 0.110000 0.096000
1 0.184000 0.578000 0.076000 0.082000
2 0.282000 0.125500 0.072000 0.065000
2 0.892500 0.308500 0.075000 0.147000
2 0.499500 0.717500 0.085000 0.089000
1 0.809500 0.494000 0.113000 0.102000
1 0.290000 0.673500 0.190000 0.149000
1 0.548500 0.881000 0.099000 0.110000
1 0.748500 0.420500 0.149000 0.151000