2 0.705000 0.366000 0.034000 0.034000
2 0.152500 0.315000 0.039000 0.040000
1 0.746000 0.852000 0.048000 0.054000
2 0.963000 0.084000 0.034000 0.046000
2 0.547000 0.879000 0.050000 0.050000
1 0.329500 0.245500 0.031000 0.033000
1 0.959500 0.613500 0.047000 0.051000
1 0.383000 0.393000 0.054000 0.050000
1 0.820500 0.313000 0.059000 0.056000
2 0.719500 0.391500 0.035000 0.033000
1 0.450000 0.771000 0.050000 0.052000
1 0.320000 0.487000 0.046000 0.046000
1 0.059500 0.711500 0.053000 0.051000
1 0.097500 0.596500 0.045000 0.045000
1 0.602000 0.567000 0.050000 0.048000
1 0.628000 0.497000 0.042000 0.040000
1 0.333000 0.836500 0.046000 0.041000
1 0.053500 0.466000 0.031000 0.030000
2 0.183500 0.664000 0.049000 0.042000
2 0.598000 0.213500 0.030000 0.027000
1 0.267500 0.411500 0.087000 0.073000
1 0.364500 0.272500 0.065000 0.061000
1 0.251000 0.561500 0.060000 0.067000
1 0.543000 0.753000 0.066000 0.060000