1 0.874000 0.605000 0.054000 0.036000
1 0.670500 0.323000 0.037000 0.048000
1 0.376500 0.837000 0.051000 0.038000
1 0.983000 0.805000 0.032000 0.048000
1 0.956500 0.423000 0.025000 0.038000
1 0.819000 0.184000 0.050000 0.060000
1 0.380500 0.940000 0.035000 0.050000
2 0.761000 0.134500 0.028000 0.039000
1 0.721500 0.694500 0.053000 0.037000
1 0.555500 0.438000 0.053000 0.048000
1 0.983000 0.335000 0.032000 0.056000
1 0.765500 0.854500 0.057000 0.043000
1 0.243500 0.519500 0.051000 0.035000
2 0.807500 0.331000 0.025000 0.034000
1 0.729500 0.577000 0.043000 0.036000
1 0.452500 0.812500 0.035000 0.049000
1 0.098000 0.721500 0.054000 0.037000
1 0.642000 0.850500 0.056000 0.043000
1 0.910500 0.268000 0.045000 0.036000
1 0.887000 0.889500 0.042000 0.037000
1 0.612000 0.575500 0.048000 0.039000
1 0.186500 0.760500 0.049000 0.051000
1 0.346500 0.490500 0.059000 0.041000
1 0.809500 0.423000 0.059000 0.040000