1 0.067000 0.618000 0.074000 0.064000
1 0.246000 0.622000 0.092000 0.084000
1 0.622000 0.044000 0.076000 0.072000
1 0.039000 0.337000 0.078000 0.054000
1 0.238000 0.064000 0.044000 0.020000
1 0.034000 0.382000 0.068000 0.060000
1 0.248000 0.769000 0.044000 0.030000
1 0.699000 0.036000 0.098000 0.072000
1 0.025000 0.823000 0.050000 0.066000
1 0.404000 0.164000 0.080000 0.068000
1 0.044000 0.479000 0.084000 0.078000
1 0.107000 0.698000 0.070000 0.064000
1 0.309000 0.204000 0.062000 0.060000
1 0.709000 0.755000 0.038000 0.034000
1 0.155000 0.608000 0.078000 0.084000
1 0.200000 0.263000 0.100000 0.078000
1 0.232000 0.022000 0.092000 0.044000
1 0.495000 0.117000 0.074000 0.074000
1 0.359000 0.447000 0.090000 0.082000
1 0.182000 0.219000 0.072000 0.046000
1 0.136000 0.807000 0.088000 0.070000
1 0.627000 0.683000 0.078000 0.050000
1 0.258000 0.826000 0.064000 0.056000
1 0.075000 0.665000 0.082000 0.058000
1 0.538000 0.687000 0.084000 0.074000
1 0.110000 0.438000 0.068000 0.064000
1 0.371000 0.279000 0.070000 0.058000
1 0.967000 0.164000 0.054000 0.064000
1 0.538000 0.943000 0.084000 0.082000
1 0.613000 0.797000 0.102000 0.082000
1 0.964000 0.070000 0.060000 0.060000
1 0.221000 0.731000 0.094000 0.082000
1 0.422000 0.778000 0.036000 0.040000
1 0.302000 0.879000 0.064000 0.038000