1 0.378000 0.943000 0.048000 0.040000
0 0.055000 0.288500 0.060000 0.057000
1 0.101500 0.874000 0.087000 0.110000
1 0.394500 0.856500 0.057000 0.111000
0 0.094000 0.141000 0.062000 0.052000
0 0.533000 0.216000 0.056000 0.056000
0 0.377000 0.472500 0.060000 0.047000
0 0.414000 0.256500 0.056000 0.051000
0 0.962000 0.168500 0.060000 0.061000
0 0.772500 0.205000 0.061000 0.052000
0 0.178000 0.277500 0.048000 0.059000
0 0.830500 0.431500 0.057000 0.049000
0 0.278000 0.492000 0.054000 0.052000
1 0.695000 0.828500 0.068000 0.051000
1 0.976000 0.048000 0.046000 0.060000
1 0.025500 0.544500 0.049000 0.049000
1 0.609000 0.972000 0.062000 0.054000
0 0.136500 0.509500 0.057000 0.055000
0 0.515000 0.459000 0.060000 0.060000
1 0.801000 0.891000 0.060000 0.064000
0 0.651500 0.203500 0.057000 0.051000
1 0.792500 0.774000 0.059000 0.034000
1 0.949000 0.765500 0.056000 0.065000
0 0.302500 0.263000 0.053000 0.052000
1 0.608000 0.817000 0.070000 0.052000
0 0.633000 0.444500 0.052000 0.051000
1 0.502000 0.894000 0.046000 0.056000
0 0.723000 0.430500 0.056000 0.057000
1 0.619000 0.891000 0.050000 0.052000