1 0.500000 0.045000 0.120000 0.086000
1 0.944000 0.437000 0.108000 0.142000
1 0.215000 0.389000 0.086000 0.074000
1 0.727000 0.120000 0.082000 0.092000
2 0.440000 0.398000 0.052000 0.064000
2 0.519000 0.593000 0.042000 0.066000
1 0.613000 0.044000 0.082000 0.088000
1 0.561000 0.151000 0.142000 0.146000
2 0.327000 0.666000 0.078000 0.076000
1 0.667000 0.955000 0.166000 0.086000
0 0.581000 0.777000 0.082000 0.074000
2 0.484000 0.491000 0.060000 0.070000
1 0.744000 0.536000 0.128000 0.084000
1 0.612000 0.848000 0.084000 0.076000
1 0.653000 0.355000 0.130000 0.146000
1 0.241000 0.485000 0.050000 0.066000
1 0.786000 0.665000 0.120000 0.150000
2 0.398000 0.310000 0.064000 0.068000
1 0.360000 0.221000 0.052000 0.054000
1 0.265000 0.067000 0.126000 0.110000
2 0.360000 0.766000 0.060000 0.072000
1 0.330000 0.153000 0.052000 0.066000
2 0.397000 0.870000 0.078000 0.064000
0 0.542000 0.685000 0.076000 0.066000
1 0.894000 0.876000 0.120000 0.132000
1 0.702000 0.438000 0.100000 0.068000
1 0.831000 0.211000 0.138000 0.142000
2 0.290000 0.571000 0.084000 0.078000
1 0.034000 0.565000 0.068000 0.186000
1 0.147000 0.234000 0.118000 0.112000
1 0.967000 0.803000 0.062000 0.170000