1 0.921000 0.517000 0.130000 0.114000
1 0.623000 0.282000 0.066000 0.084000
2 0.461000 0.063000 0.062000 0.066000
1 0.890000 0.277000 0.044000 0.042000
1 0.188000 0.193000 0.064000 0.054000
1 0.178000 0.029000 0.040000 0.058000
1 0.190000 0.126000 0.044000 0.052000
1 0.600000 0.787000 0.060000 0.054000
1 0.310000 0.364000 0.048000 0.052000
1 0.062000 0.925000 0.076000 0.078000
1 0.731000 0.023000 0.122000 0.046000
1 0.052000 0.207000 0.040000 0.054000
1 0.098000 0.116000 0.060000 0.032000
1 0.947000 0.248000 0.038000 0.048000
1 0.080000 0.290000 0.040000 0.068000
1 0.705000 0.745000 0.074000 0.070000
1 0.048000 0.301000 0.036000 0.078000
1 0.496000 0.435000 0.096000 0.082000
1 0.136000 0.287000 0.068000 0.054000
1 0.087000 0.498000 0.078000 0.084000
1 0.352000 0.186000 0.068000 0.060000
1 0.213000 0.255000 0.042000 0.082000
1 0.786000 0.703000 0.048000 0.058000
1 0.065000 0.043000 0.090000 0.070000
1 0.058000 0.796000 0.032000 0.064000
1 0.017000 0.514000 0.034000 0.072000
1 0.134000 0.753000 0.076000 0.074000
2 0.559000 0.098000 0.046000 0.060000
1 0.627000 0.930000 0.062000 0.060000
1 0.166000 0.079000 0.060000 0.054000
1 0.640000 0.847000 0.056000 0.062000
1 0.825000 0.668000 0.074000 0.076000
1 0.112000 0.360000 0.064000 0.056000
1 0.973000 0.612000 0.050000 0.076000
1 0.143000 0.121000 0.034000 0.050000
1 0.192000 0.350000 0.068000 0.060000
1 0.396000 0.551000 0.084000 0.074000
1 0.557000 0.931000 0.046000 0.054000
1 0.571000 0.548000 0.098000 0.072000
2 0.609000 0.174000 0.054000 0.076000
1 0.670000 0.351000 0.068000 0.054000
1 0.701000 0.615000 0.106000 0.094000
1 0.067000 0.400000 0.066000 0.060000
1 0.874000 0.428000 0.068000 0.092000
2 0.412000 0.047000 0.052000 0.042000
1 0.747000 0.859000 0.082000 0.082000
1 0.413000 0.109000 0.074000 0.070000