1 0.243000 0.666000 0.098000 0.084000
1 0.484000 0.933000 0.084000 0.066000
1 0.033000 0.185000 0.066000 0.066000
1 0.211000 0.770000 0.074000 0.088000
1 0.651000 0.053000 0.098000 0.098000
1 0.694000 0.361000 0.092000 0.070000
1 0.483000 0.115000 0.066000 0.054000
1 0.669000 0.953000 0.090000 0.066000
1 0.143000 0.755000 0.046000 0.070000
1 0.862000 0.595000 0.072000 0.094000
1 0.841000 0.835000 0.090000 0.086000
1 0.484000 0.688000 0.068000 0.068000
1 0.028000 0.751000 0.056000 0.066000
1 0.218000 0.959000 0.068000 0.078000
1 0.569000 0.378000 0.066000 0.060000
1 0.394000 0.142000 0.080000 0.064000
1 0.170000 0.187000 0.080000 0.066000
1 0.323000 0.944000 0.086000 0.060000