1 0.891000 0.615000 0.074000 0.078000
1 0.409000 0.890000 0.062000 0.064000
1 0.831000 0.707000 0.078000 0.090000
1 0.359000 0.724000 0.058000 0.056000
1 0.511000 0.857000 0.078000 0.074000
1 0.028000 0.865000 0.052000 0.058000
1 0.059000 0.724000 0.054000 0.068000
1 0.572000 0.211000 0.048000 0.070000
2 0.354000 0.827000 0.064000 0.074000
1 0.478000 0.965000 0.060000 0.066000
1 0.531000 0.301000 0.054000 0.066000
2 0.376000 0.620000 0.064000 0.068000
1 0.725000 0.903000 0.070000 0.054000
1 0.476000 0.688000 0.052000 0.060000
2 0.605000 0.523000 0.074000 0.090000