2 0.240500 0.826500 0.153000 0.161000
2 0.102000 0.556500 0.116000 0.113000
2 0.557000 0.795500 0.182000 0.179000
2 0.159500 0.393000 0.125000 0.134000
2 0.783500 0.332500 0.201000 0.209000
2 0.896000 0.532500 0.182000 0.173000
2 0.632500 0.199500 0.133000 0.119000
2 0.731000 0.960500 0.118000 0.077000
2 0.360500 0.453000 0.157000 0.150000
2 0.246500 0.552500 0.169000 0.159000
2 0.442000 0.905500 0.130000 0.129000
1 0.547500 0.372500 0.215000 0.211000
2 0.696500 0.497000 0.123000 0.128000
2 0.161000 0.095500 0.126000 0.125000
2 0.537500 0.109500 0.105000 0.101000
1 0.396000 0.662000 0.208000 0.234000
2 0.055000 0.295500 0.110000 0.131000
2 0.943000 0.318500 0.112000 0.179000
1 0.262000 0.219000 0.208000 0.210000
2 0.425500 0.153000 0.147000 0.140000
2 0.680500 0.072500 0.195000 0.145000
2 0.536500 0.569500 0.129000 0.131000
2 0.763500 0.655500 0.145000 0.151000
2 0.307500 0.947000 0.145000 0.104000
2 0.887000 0.954000 0.136000 0.090000
2 0.041500 0.428500 0.083000 0.131000
2 0.880500 0.768000 0.123000 0.104000
2 0.723000 0.791500 0.142000 0.141000
1 0.377500 0.057500 0.207000 0.115000
2 0.898500 0.530500 0.187000 0.175000