1 0.065000 0.852500 0.130000 0.135000
2 0.823000 0.054500 0.150000 0.109000
1 0.267500 0.839000 0.171000 0.144000
2 0.719000 0.710500 0.156000 0.127000
2 0.183000 0.707000 0.116000 0.102000
2 0.565500 0.186000 0.159000 0.154000
2 0.676000 0.048000 0.158000 0.096000
2 0.950500 0.709000 0.097000 0.160000
2 0.650000 0.881500 0.152000 0.157000
2 0.908000 0.247500 0.168000 0.161000
2 0.355500 0.135000 0.147000 0.170000
2 0.447000 0.900000 0.128000 0.128000
2 0.749500 0.222000 0.155000 0.152000
2 0.035500 0.079500 0.071000 0.115000
1 0.276000 0.576000 0.196000 0.164000
2 0.065000 0.684500 0.130000 0.139000
1 0.491500 0.736000 0.183000 0.168000