1 0.620000 0.591000 0.076000 0.058000
1 0.029000 0.681000 0.054000 0.062000
1 0.081000 0.339000 0.050000 0.038000
1 0.430000 0.501000 0.052000 0.070000
1 0.307000 0.098000 0.110000 0.088000
1 0.665000 0.022000 0.062000 0.044000
1 0.736000 0.029000 0.048000 0.042000
1 0.852000 0.117000 0.060000 0.050000
1 0.486000 0.176000 0.044000 0.060000
1 0.421000 0.432000 0.046000 0.060000
1 0.482000 0.848000 0.040000 0.096000
1 0.587000 0.031000 0.054000 0.026000
1 0.428000 0.178000 0.052000 0.060000
1 0.112000 0.813000 0.056000 0.054000
1 0.943000 0.119000 0.042000 0.034000
1 0.509000 0.427000 0.058000 0.042000
1 0.112000 0.464000 0.056000 0.064000
1 0.640000 0.376000 0.060000 0.052000
1 0.030000 0.531000 0.060000 0.050000
1 0.150000 0.199000 0.084000 0.054000
1 0.072000 0.027000 0.076000 0.054000
1 0.692000 0.068000 0.128000 0.040000
1 0.460000 0.566000 0.052000 0.052000
1 0.521000 0.947000 0.046000 0.046000
1 0.691000 0.231000 0.042000 0.054000
1 0.310000 0.540000 0.076000 0.076000
1 0.967000 0.056000 0.034000 0.064000
1 0.326000 0.608000 0.076000 0.052000
1 0.526000 0.561000 0.056000 0.054000
1 0.561000 0.834000 0.094000 0.056000
1 0.637000 0.266000 0.070000 0.076000
1 0.044000 0.225000 0.060000 0.050000
1 0.636000 0.454000 0.068000 0.052000
1 0.030000 0.472000 0.048000 0.040000
1 0.464000 0.636000 0.048000 0.044000
1 0.459000 0.022000 0.054000 0.044000
1 0.181000 0.372000 0.070000 0.080000
1 0.214000 0.583000 0.104000 0.102000
1 0.915000 0.050000 0.054000 0.056000
1 0.347000 0.706000 0.066000 0.040000
1 0.794000 0.119000 0.048000 0.042000
1 0.141000 0.142000 0.102000 0.084000
1 0.512000 0.017000 0.040000 0.034000
1 0.356000 0.954000 0.076000 0.056000
1 0.546000 0.327000 0.092000 0.074000
1 0.713000 0.173000 0.066000 0.050000
1 0.440000 0.083000 0.052000 0.046000
1 0.650000 0.710000 0.048000 0.072000
1 0.461000 0.753000 0.054000 0.054000
1 0.028000 0.919000 0.056000 0.078000
1 0.456000 0.925000 0.048000 0.034000
1 0.114000 0.882000 0.040000 0.064000
1 0.175000 0.476000 0.070000 0.076000
1 0.201000 0.918000 0.054000 0.068000
1 0.092000 0.650000 0.060000 0.076000
1 0.191000 0.269000 0.046000 0.082000
1 0.479000 0.122000 0.034000 0.032000
1 0.568000 0.692000 0.060000 0.048000