1 0.090000 0.818000 0.044000 0.028000
1 0.159000 0.756000 0.054000 0.044000
1 0.622000 0.113000 0.092000 0.074000
1 0.662000 0.057000 0.060000 0.070000
2 0.747000 0.049000 0.070000 0.058000
1 0.084000 0.945000 0.048000 0.054000
1 0.578000 0.351000 0.068000 0.034000
1 0.833000 0.305000 0.078000 0.058000
1 0.972000 0.238000 0.052000 0.044000
2 0.693000 0.373000 0.038000 0.042000
2 0.643000 0.377000 0.054000 0.062000
1 0.246000 0.128000 0.056000 0.052000
1 0.220000 0.452000 0.064000 0.024000
1 0.983000 0.141000 0.030000 0.042000
1 0.383000 0.922000 0.130000 0.096000
1 0.559000 0.019000 0.042000 0.038000
1 0.498000 0.035000 0.044000 0.046000
1 0.408000 0.168000 0.032000 0.036000
2 0.730000 0.401000 0.032000 0.038000
1 0.176000 0.058000 0.072000 0.048000
1 0.316000 0.237000 0.072000 0.058000
1 0.570000 0.397000 0.076000 0.066000
1 0.660000 0.417000 0.056000 0.054000
1 0.476000 0.146000 0.048000 0.052000
1 0.149000 0.632000 0.062000 0.024000
1 0.578000 0.211000 0.084000 0.038000
1 0.390000 0.071000 0.064000 0.066000
1 0.800000 0.163000 0.068000 0.054000
1 0.852000 0.401000 0.084000 0.050000
1 0.408000 0.354000 0.052000 0.056000
1 0.150000 0.118000 0.056000 0.024000
1 0.930000 0.816000 0.060000 0.060000
1 0.567000 0.276000 0.094000 0.084000
1 0.521000 0.107000 0.046000 0.038000
1 0.389000 0.599000 0.062000 0.038000
1 0.798000 0.826000 0.064000 0.056000
1 0.210000 0.596000 0.028000 0.064000
1 0.182000 0.530000 0.036000 0.060000