1 0.695000 0.493000 0.054000 0.066000
1 0.774000 0.727000 0.052000 0.044000
1 0.721000 0.380000 0.032000 0.044000
1 0.430500 0.491500 0.031000 0.053000
1 0.961500 0.564000 0.071000 0.064000
1 0.154000 0.941000 0.048000 0.042000
1 0.380000 0.066500 0.058000 0.051000
1 0.540000 0.042500 0.062000 0.065000
1 0.292000 0.593000 0.022000 0.100000
1 0.926500 0.615000 0.049000 0.054000
1 0.802500 0.124500 0.053000 0.065000
1 0.847000 0.741000 0.078000 0.046000
1 0.729500 0.194000 0.041000 0.054000
1 0.167000 0.512000 0.046000 0.026000
1 0.835000 0.199500 0.046000 0.063000
1 0.786500 0.950000 0.071000 0.076000
1 0.798000 0.496500 0.060000 0.071000
1 0.725500 0.254000 0.039000 0.056000
1 0.720000 0.435000 0.036000 0.032000
2 0.084500 0.119500 0.033000 0.067000
1 0.785500 0.359500 0.045000 0.057000
1 0.638500 0.405000 0.035000 0.050000
1 0.830500 0.436000 0.041000 0.050000
1 0.952000 0.388500 0.074000 0.077000