1 0.798000 0.038500 0.044000 0.043000
1 0.561000 0.389000 0.026000 0.032000
1 0.298500 0.115000 0.049000 0.052000
1 0.678000 0.028500 0.044000 0.033000
1 0.604500 0.429000 0.055000 0.036000
1 0.257500 0.438500 0.039000 0.037000
1 0.227500 0.091000 0.035000 0.034000
1 0.354500 0.117000 0.043000 0.032000
1 0.422500 0.022000 0.055000 0.042000
1 0.548000 0.117000 0.040000 0.034000
1 0.969000 0.076000 0.060000 0.064000
1 0.186500 0.497500 0.045000 0.035000
1 0.071500 0.045500 0.063000 0.041000
1 0.478000 0.431000 0.072000 0.058000
1 0.616000 0.384500 0.044000 0.049000
1 0.871500 0.403000 0.027000 0.048000
1 0.019500 0.616000 0.039000 0.064000
1 0.079500 0.547000 0.047000 0.046000
1 0.411000 0.130500 0.050000 0.033000
1 0.412500 0.381500 0.023000 0.039000
1 0.598500 0.066000 0.053000 0.038000
1 0.741000 0.034500 0.040000 0.035000
1 0.880500 0.075500 0.063000 0.087000
1 0.681000 0.457500 0.030000 0.041000
1 0.131000 0.072000 0.054000 0.080000
1 0.700000 0.129000 0.030000 0.044000
1 0.826000 0.411000 0.046000 0.054000
1 0.352500 0.030000 0.055000 0.060000
1 0.907500 0.435500 0.041000 0.033000
1 0.331000 0.429000 0.052000 0.046000