1 0.218000 0.095000 0.052000 0.062000
1 0.697000 0.133000 0.074000 0.102000
2 0.661000 0.900000 0.050000 0.048000
1 0.823000 0.309000 0.094000 0.082000
1 0.252000 0.400000 0.060000 0.060000
2 0.126000 0.256000 0.048000 0.056000
1 0.357000 0.034000 0.054000 0.040000
1 0.476000 0.404000 0.064000 0.040000
2 0.698000 0.771000 0.056000 0.118000
1 0.097000 0.043000 0.062000 0.054000
2 0.151000 0.401000 0.042000 0.042000
1 0.887000 0.589000 0.098000 0.098000
1 0.458000 0.460000 0.052000 0.044000
2 0.634000 0.770000 0.056000 0.108000
1 0.224000 0.206000 0.056000 0.036000
1 0.272000 0.786000 0.068000 0.156000
1 0.102000 0.156000 0.064000 0.064000
1 0.533000 0.453000 0.066000 0.042000