1 0.974000 0.534000 0.044000 0.068000
1 0.930000 0.636000 0.076000 0.064000
1 0.047000 0.404000 0.094000 0.088000
1 0.291000 0.222000 0.066000 0.072000
1 0.278000 0.837000 0.076000 0.070000
1 0.132000 0.856000 0.084000 0.076000
1 0.766000 0.455000 0.072000 0.062000
1 0.882000 0.386000 0.044000 0.064000
1 0.973000 0.715000 0.050000 0.062000
1 0.609000 0.200000 0.098000 0.104000
1 0.444000 0.032000 0.072000 0.064000
1 0.332000 0.887000 0.080000 0.082000
1 0.362000 0.154000 0.092000 0.084000
1 0.653000 0.789000 0.142000 0.126000
1 0.613000 0.358000 0.110000 0.116000
1 0.244000 0.761000 0.068000 0.062000
1 0.063000 0.676000 0.094000 0.088000
1 0.557000 0.579000 0.082000 0.094000
1 0.591000 0.510000 0.058000 0.048000
1 0.557000 0.941000 0.106000 0.098000
1 0.870000 0.494000 0.092000 0.060000
1 0.229000 0.092000 0.054000 0.060000
1 0.850000 0.606000 0.084000 0.080000
1 0.143000 0.778000 0.078000 0.072000
1 0.268000 0.941000 0.064000 0.066000
1 0.930000 0.504000 0.044000 0.056000