1 0.861500 0.965500 0.089000 0.067000
1 0.537000 0.522000 0.140000 0.084000
1 0.809000 0.900500 0.048000 0.043000
1 0.873000 0.918500 0.078000 0.061000
1 0.956000 0.632000 0.076000 0.046000
1 0.903500 0.798000 0.069000 0.072000
1 0.603500 0.024000 0.053000 0.048000
1 0.949000 0.857000 0.048000 0.040000
1 0.317500 0.462500 0.119000 0.085000
1 0.934000 0.899000 0.050000 0.046000
1 0.187500 0.596500 0.083000 0.107000
1 0.216500 0.496500 0.091000 0.123000
1 0.721500 0.546500 0.043000 0.053000
1 0.895500 0.507000 0.085000 0.128000
1 0.223500 0.694500 0.115000 0.085000
1 0.611500 0.677500 0.075000 0.099000
1 0.784500 0.045000 0.055000 0.064000
1 0.969000 0.159500 0.060000 0.143000
1 0.581500 0.772000 0.083000 0.108000
1 0.421500 0.494000 0.117000 0.080000