1 0.263000 0.817000 0.034000 0.054000
1 0.815500 0.967000 0.059000 0.064000
1 0.941000 0.917000 0.048000 0.036000
1 0.354500 0.334000 0.055000 0.052000
1 0.625500 0.519000 0.037000 0.048000
1 0.536500 0.377500 0.059000 0.055000
1 0.101000 0.308500 0.046000 0.055000
1 0.290000 0.907500 0.056000 0.045000
1 0.067000 0.864000 0.058000 0.086000
1 0.410500 0.632500 0.049000 0.061000
1 0.591000 0.699500 0.042000 0.041000
1 0.964000 0.332500 0.034000 0.041000
1 0.922500 0.022500 0.051000 0.039000
1 0.698000 0.142000 0.052000 0.042000
1 0.528500 0.809500 0.059000 0.059000
1 0.387500 0.199500 0.047000 0.045000
1 0.036500 0.465000 0.037000 0.046000
1 0.981000 0.813500 0.036000 0.037000
1 0.332500 0.517500 0.069000 0.059000
1 0.654500 0.357000 0.061000 0.052000
1 0.612000 0.819500 0.054000 0.041000
1 0.022000 0.197500 0.044000 0.071000
1 0.969500 0.289000 0.041000 0.054000
1 0.890000 0.294000 0.060000 0.046000
1 0.871000 0.598500 0.058000 0.037000
1 0.269500 0.209500 0.049000 0.069000
1 0.236500 0.917500 0.037000 0.031000
1 0.614000 0.753000 0.054000 0.042000
1 0.370000 0.267000 0.074000 0.038000
1 0.824500 0.493500 0.055000 0.047000
1 0.728000 0.930000 0.058000 0.076000
1 0.585000 0.651500 0.058000 0.047000
1 0.888500 0.911500 0.049000 0.035000
1 0.470500 0.616000 0.059000 0.062000
1 0.021500 0.716000 0.043000 0.060000
1 0.321500 0.986000 0.041000 0.026000
1 0.778000 0.105500 0.058000 0.043000
1 0.528500 0.097500 0.053000 0.055000
1 0.054000 0.123500 0.046000 0.041000
1 0.469000 0.445500 0.064000 0.057000
1 0.257000 0.622500 0.036000 0.043000
1 0.827500 0.917000 0.041000 0.038000
1 0.016500 0.379000 0.033000 0.060000
1 0.673000 0.743500 0.058000 0.039000
1 0.398500 0.316500 0.047000 0.047000
1 0.532000 0.898500 0.048000 0.053000
1 0.135500 0.172000 0.059000 0.060000
1 0.119000 0.144000 0.050000 0.034000
1 0.463000 0.104000 0.068000 0.070000
1 0.400000 0.496000 0.078000 0.082000
1 0.756000 0.016500 0.068000 0.031000
1 0.266500 0.097000 0.059000 0.068000
1 0.805500 0.328500 0.061000 0.075000
1 0.973000 0.204500 0.052000 0.041000
1 0.650000 0.042000 0.076000 0.064000
1 0.206500 0.380000 0.049000 0.046000
1 0.039000 0.512000 0.054000 0.052000
1 0.442500 0.288500 0.045000 0.043000
1 0.124000 0.710500 0.064000 0.113000
1 0.529500 0.049500 0.057000 0.053000
1 0.075500 0.270000 0.043000 0.050000
1 0.854000 0.775500 0.072000 0.115000
1 0.982000 0.922500 0.034000 0.041000
1 0.556500 0.570000 0.061000 0.044000
1 0.154500 0.407500 0.049000 0.037000
1 0.984500 0.477500 0.029000 0.053000
1 0.709500 0.457000 0.047000 0.050000
1 0.172000 0.077000 0.058000 0.058000
1 0.652000 0.436500 0.038000 0.055000
1 0.045500 0.556500 0.059000 0.045000
1 0.263500 0.381500 0.053000 0.065000
1 0.078000 0.194000 0.050000 0.042000
1 0.534000 0.975500 0.034000 0.045000
1 0.408500 0.935000 0.049000 0.040000
1 0.668000 0.910500 0.078000 0.063000
1 0.981000 0.620000 0.036000 0.054000