1 0.237500 0.763500 0.027000 0.045000
1 0.870500 0.385000 0.101000 0.078000
1 0.969000 0.205500 0.060000 0.069000
1 0.538000 0.850000 0.056000 0.044000
1 0.282000 0.739000 0.052000 0.028000
1 0.450000 0.661500 0.046000 0.033000
1 0.452000 0.885500 0.052000 0.035000
1 0.317000 0.787000 0.048000 0.048000
1 0.880000 0.079000 0.076000 0.058000
1 0.086500 0.223000 0.069000 0.076000
1 0.494000 0.729500 0.046000 0.051000
1 0.442500 0.248500 0.037000 0.043000
1 0.498000 0.979000 0.060000 0.040000
1 0.636500 0.694000 0.049000 0.042000
1 0.742000 0.173500 0.048000 0.041000
1 0.559500 0.699500 0.057000 0.053000
1 0.380500 0.291500 0.077000 0.059000
1 0.577000 0.176000 0.054000 0.050000
1 0.329500 0.209000 0.053000 0.062000
1 0.046500 0.769500 0.059000 0.061000
1 0.741000 0.724000 0.042000 0.040000
1 0.045000 0.289000 0.042000 0.060000
1 0.522500 0.236500 0.059000 0.049000
1 0.471500 0.357000 0.067000 0.060000
1 0.619000 0.296500 0.054000 0.061000
1 0.099500 0.304000 0.073000 0.058000
1 0.472000 0.587000 0.038000 0.044000
1 0.207500 0.842500 0.039000 0.059000
1 0.638000 0.445500 0.078000 0.063000
1 0.174000 0.669000 0.038000 0.044000
1 0.016000 0.665000 0.032000 0.058000
1 0.399500 0.207500 0.047000 0.055000
1 0.534500 0.152000 0.053000 0.060000
1 0.386500 0.965500 0.065000 0.049000
1 0.065500 0.583500 0.041000 0.049000
1 0.385000 0.111000 0.068000 0.060000
1 0.648000 0.855000 0.080000 0.056000
1 0.469500 0.039000 0.091000 0.076000
1 0.471500 0.260000 0.039000 0.044000
1 0.321500 0.636000 0.051000 0.072000
1 0.094500 0.384000 0.045000 0.070000