1 0.263000 0.719000 0.086000 0.058000
1 0.036000 0.557000 0.072000 0.122000
1 0.019000 0.250000 0.038000 0.064000
1 0.119000 0.349000 0.062000 0.066000
1 0.252000 0.566000 0.092000 0.096000
1 0.061000 0.858000 0.062000 0.064000
1 0.916000 0.083000 0.056000 0.058000
1 0.953000 0.150000 0.070000 0.056000
1 0.389000 0.732000 0.146000 0.148000
1 0.973000 0.789000 0.050000 0.058000
1 0.067000 0.304000 0.066000 0.068000
1 0.139000 0.833000 0.062000 0.058000
1 0.829000 0.123000 0.126000 0.066000
1 0.974000 0.066000 0.048000 0.068000
1 0.896000 0.980000 0.056000 0.036000
1 0.962000 0.922000 0.072000 0.064000
1 0.887000 0.794000 0.046000 0.036000