1 0.279500 0.592500 0.055000 0.031000
1 0.016000 0.746000 0.032000 0.038000
1 0.701500 0.592000 0.039000 0.022000
1 0.856000 0.295000 0.036000 0.018000
1 0.490500 0.178500 0.051000 0.031000
1 0.152000 0.684500 0.058000 0.043000
1 0.088000 0.826500 0.064000 0.061000
1 0.904000 0.331500 0.030000 0.047000
1 0.399000 0.671000 0.058000 0.034000
1 0.177000 0.272000 0.056000 0.038000
1 0.193500 0.580000 0.033000 0.052000
1 0.152500 0.036500 0.041000 0.027000
1 0.267000 0.364500 0.090000 0.055000
1 0.478500 0.876000 0.031000 0.044000
1 0.388500 0.315000 0.051000 0.042000
1 0.895500 0.068000 0.047000 0.040000
1 0.852500 0.425000 0.049000 0.042000
1 0.706000 0.438000 0.048000 0.036000
1 0.477000 0.477000 0.046000 0.050000
1 0.659000 0.710000 0.050000 0.024000
1 0.629500 0.611000 0.047000 0.024000
1 0.584000 0.188000 0.050000 0.040000
1 0.256000 0.470000 0.070000 0.048000
1 0.146000 0.602500 0.048000 0.033000
1 0.251500 0.724000 0.043000 0.058000
1 0.800500 0.201000 0.045000 0.050000
1 0.665500 0.153000 0.049000 0.050000
1 0.044000 0.224000 0.062000 0.060000
1 0.986500 0.261000 0.023000 0.036000
1 0.116500 0.442500 0.049000 0.033000
1 0.769000 0.273500 0.040000 0.045000
1 0.773500 0.437000 0.047000 0.028000
1 0.924500 0.179000 0.055000 0.022000
1 0.781000 0.507500 0.056000 0.043000
1 0.533000 0.365000 0.050000 0.056000
1 0.434000 0.075500 0.060000 0.051000
1 0.117500 0.241500 0.065000 0.055000
1 0.426500 0.417000 0.025000 0.054000
1 0.460000 0.675000 0.048000 0.024000
1 0.827000 0.555000 0.024000 0.036000
1 0.273000 0.145000 0.056000 0.066000