1 0.966000 0.603000 0.056000 0.062000
1 0.250500 0.086500 0.065000 0.057000
1 0.220500 0.191000 0.031000 0.062000
1 0.772500 0.138500 0.043000 0.039000
1 0.207000 0.536000 0.050000 0.056000
1 0.223000 0.719500 0.056000 0.051000
1 0.680000 0.674000 0.060000 0.048000
1 0.116000 0.483500 0.052000 0.049000
1 0.822000 0.705500 0.056000 0.065000
1 0.907500 0.711500 0.105000 0.099000
1 0.372000 0.031500 0.062000 0.055000
1 0.059500 0.979500 0.055000 0.039000
1 0.085000 0.055000 0.048000 0.042000
1 0.306500 0.644500 0.037000 0.053000
1 0.278500 0.541500 0.061000 0.051000
1 0.730500 0.170500 0.035000 0.031000
1 0.360500 0.669500 0.049000 0.055000
1 0.962500 0.420500 0.059000 0.067000
1 0.142500 0.328500 0.051000 0.049000
1 0.961500 0.527500 0.045000 0.039000
1 0.404500 0.746500 0.041000 0.045000
1 0.771000 0.616000 0.084000 0.068000
1 0.316500 0.728500 0.055000 0.051000
2 0.780500 0.807500 0.053000 0.067000