2 0.752000 0.362000 0.056000 0.064000
1 0.592000 0.258000 0.052000 0.060000
1 0.633000 0.619000 0.062000 0.054000
1 0.613000 0.803000 0.062000 0.054000
1 0.363000 0.140000 0.086000 0.076000
1 0.223000 0.364000 0.062000 0.068000
1 0.115000 0.342000 0.086000 0.092000
1 0.631000 0.383000 0.066000 0.062000
1 0.153000 0.214000 0.054000 0.060000
1 0.543000 0.455000 0.062000 0.058000
1 0.831000 0.458000 0.078000 0.084000
1 0.283000 0.415000 0.074000 0.062000
1 0.529000 0.692000 0.070000 0.080000
1 0.698000 0.523000 0.084000 0.086000
1 0.459000 0.116000 0.050000 0.056000
1 0.620000 0.170000 0.068000 0.080000
1 0.353000 0.303000 0.066000 0.050000
1 0.719000 0.721000 0.058000 0.058000
1 0.445000 0.624000 0.070000 0.068000
1 0.245000 0.291000 0.066000 0.070000
1 0.401000 0.098000 0.054000 0.056000
1 0.065000 0.776000 0.078000 0.072000
1 0.493000 0.069000 0.062000 0.054000
1 0.211000 0.209000 0.074000 0.094000
1 0.215000 0.895000 0.066000 0.054000
1 0.577000 0.712000 0.058000 0.064000
2 0.627000 0.465000 0.070000 0.074000
1 0.500000 0.215000 0.060000 0.054000
1 0.957000 0.324000 0.082000 0.088000
1 0.468000 0.693000 0.052000 0.054000
1 0.912000 0.733000 0.064000 0.062000
1 0.622000 0.740000 0.064000 0.064000
1 0.687000 0.770000 0.050000 0.052000
1 0.768000 0.758000 0.052000 0.052000
1 0.531000 0.562000 0.070000 0.072000
1 0.757000 0.574000 0.058000 0.056000
1 0.887000 0.602000 0.094000 0.096000
1 0.868000 0.705000 0.048000 0.058000
1 0.823000 0.068000 0.058000 0.064000
1 0.666000 0.098000 0.076000 0.068000
1 0.026000 0.063000 0.052000 0.114000
1 0.425000 0.304000 0.066000 0.064000
1 0.483000 0.321000 0.070000 0.058000
1 0.766000 0.178000 0.068000 0.064000
1 0.486000 0.428000 0.052000 0.056000
1 0.425000 0.499000 0.066000 0.058000
1 0.763000 0.666000 0.062000 0.068000
1 0.254000 0.066000 0.064000 0.064000
1 0.785000 0.396000 0.062000 0.052000