1 0.835500 0.121500 0.041000 0.049000
1 0.451000 0.589500 0.072000 0.069000
1 0.432500 0.547500 0.037000 0.047000
1 0.642000 0.506500 0.046000 0.049000
1 0.981500 0.917000 0.035000 0.048000
1 0.939500 0.541500 0.105000 0.087000
1 0.452000 0.944000 0.052000 0.044000
1 0.744000 0.510500 0.066000 0.055000
1 0.972000 0.225500 0.054000 0.071000
1 0.782000 0.095500 0.034000 0.053000
1 0.475000 0.741500 0.050000 0.059000
1 0.661500 0.351500 0.123000 0.087000
1 0.501000 0.638000 0.056000 0.054000
1 0.359000 0.456500 0.046000 0.057000
1 0.354500 0.760000 0.031000 0.046000
1 0.369500 0.725500 0.051000 0.039000
1 0.034000 0.138000 0.068000 0.132000
1 0.849000 0.549000 0.044000 0.030000
1 0.954500 0.671000 0.049000 0.056000
1 0.515500 0.283500 0.055000 0.053000
1 0.271500 0.568500 0.053000 0.043000
1 0.933000 0.744500 0.080000 0.081000
1 0.925500 0.024000 0.035000 0.038000
1 0.799500 0.028000 0.039000 0.052000
1 0.744500 0.157000 0.033000 0.044000
1 0.664000 0.192000 0.040000 0.048000
1 0.646500 0.279500 0.055000 0.053000
1 0.963000 0.624000 0.042000 0.046000
1 0.195500 0.586500 0.051000 0.037000
1 0.212500 0.460000 0.119000 0.114000
1 0.292500 0.650000 0.057000 0.044000
1 0.972000 0.444000 0.054000 0.060000
1 0.534000 0.678000 0.050000 0.050000
1 0.057500 0.910000 0.069000 0.054000
1 0.622000 0.039000 0.066000 0.066000
1 0.561000 0.407500 0.048000 0.061000
1 0.283500 0.346500 0.061000 0.067000
1 0.551000 0.225000 0.052000 0.042000
1 0.170500 0.921500 0.071000 0.069000
1 0.972000 0.310500 0.054000 0.077000
1 0.532500 0.110000 0.055000 0.066000
1 0.574000 0.325000 0.048000 0.076000
1 0.368000 0.896500 0.070000 0.087000
1 0.483000 0.257500 0.040000 0.045000
1 0.404000 0.695000 0.034000 0.036000
1 0.371000 0.814500 0.074000 0.051000
1 0.635500 0.442000 0.043000 0.062000