1 0.105000 0.453000 0.082000 0.102000
1 0.774000 0.525000 0.080000 0.062000
1 0.162000 0.644000 0.120000 0.080000
1 0.034000 0.162000 0.068000 0.092000
1 0.959000 0.191000 0.078000 0.150000
1 0.711000 0.095000 0.138000 0.102000
1 0.412000 0.105000 0.068000 0.082000
1 0.645000 0.233000 0.086000 0.126000
1 0.407000 0.881000 0.186000 0.114000
1 0.198000 0.410000 0.076000 0.068000
1 0.667000 0.752000 0.122000 0.096000
1 0.432000 0.366000 0.108000 0.092000
1 0.420000 0.743000 0.080000 0.090000
1 0.029000 0.664000 0.058000 0.084000