1 0.275000 0.119500 0.064000 0.065000
1 0.345000 0.169000 0.070000 0.062000
1 0.501500 0.411000 0.059000 0.074000
1 0.224000 0.035500 0.058000 0.067000
1 0.706500 0.852000 0.121000 0.096000
1 0.573500 0.498500 0.093000 0.077000
1 0.871500 0.629000 0.117000 0.078000
1 0.846500 0.902500 0.123000 0.091000
1 0.508500 0.275000 0.067000 0.064000
1 0.720500 0.419000 0.131000 0.096000
1 0.855000 0.475000 0.128000 0.096000
1 0.570000 0.666500 0.098000 0.073000
1 0.638000 0.675000 0.054000 0.046000
1 0.769500 0.586500 0.113000 0.077000
1 0.480500 0.574500 0.075000 0.085000
1 0.703500 0.715000 0.099000 0.084000
1 0.665000 0.539500 0.122000 0.081000
1 0.963500 0.517000 0.071000 0.098000
1 0.410000 0.212000 0.066000 0.062000
1 0.789500 0.746000 0.103000 0.080000