1 0.592500 0.164500 0.051000 0.047000
1 0.448500 0.292000 0.061000 0.050000
1 0.966000 0.615500 0.054000 0.047000
1 0.071000 0.780500 0.044000 0.057000
1 0.963000 0.113000 0.072000 0.078000
1 0.595000 0.758000 0.054000 0.066000
1 0.528000 0.272500 0.050000 0.043000
1 0.864500 0.258000 0.061000 0.046000
1 0.986500 0.790500 0.025000 0.043000
1 0.736000 0.515000 0.080000 0.068000
1 0.009500 0.826000 0.019000 0.048000
1 0.019500 0.109000 0.039000 0.058000
1 0.714500 0.809000 0.041000 0.046000
1 0.173000 0.018500 0.072000 0.037000
1 0.799500 0.231500 0.061000 0.051000
1 0.482500 0.041000 0.057000 0.068000
1 0.141500 0.044000 0.065000 0.074000
1 0.966000 0.289500 0.066000 0.059000
1 0.651000 0.546000 0.070000 0.102000
1 0.851000 0.637000 0.036000 0.044000
1 0.221500 0.053500 0.049000 0.051000
1 0.702500 0.847000 0.039000 0.042000
1 0.693500 0.609500 0.067000 0.055000
1 0.034000 0.283500 0.068000 0.117000
1 0.516500 0.811500 0.045000 0.045000
1 0.919000 0.065000 0.062000 0.066000
1 0.543500 0.132500 0.053000 0.049000
1 0.462500 0.417000 0.041000 0.040000
1 0.117000 0.802000 0.048000 0.030000
1 0.275500 0.671000 0.057000 0.060000
1 0.752000 0.340500 0.050000 0.045000
1 0.911000 0.206500 0.052000 0.047000
1 0.028000 0.220500 0.050000 0.045000
1 0.602000 0.410500 0.042000 0.039000
1 0.274500 0.019000 0.069000 0.038000
1 0.390000 0.163000 0.040000 0.042000
1 0.233000 0.630000 0.058000 0.058000
1 0.496000 0.349500 0.060000 0.053000
1 0.565500 0.073500 0.049000 0.049000
1 0.103000 0.840000 0.054000 0.048000
1 0.592000 0.305000 0.054000 0.042000
1 0.758500 0.030000 0.057000 0.060000
1 0.139500 0.512500 0.057000 0.051000
1 0.359500 0.531000 0.065000 0.096000
1 0.689500 0.886500 0.039000 0.045000
1 0.077000 0.156500 0.070000 0.079000
1 0.459000 0.136000 0.050000 0.060000
1 0.312500 0.078000 0.055000 0.056000
1 0.224500 0.241000 0.049000 0.054000
1 0.820500 0.624000 0.049000 0.042000
1 0.975500 0.248000 0.035000 0.030000
1 0.658000 0.788500 0.082000 0.069000
1 0.858000 0.117500 0.048000 0.057000
1 0.379500 0.670500 0.055000 0.055000
1 0.030500 0.585000 0.035000 0.046000
1 0.876000 0.751500 0.062000 0.079000
1 0.653500 0.173500 0.057000 0.047000
1 0.571000 0.551500 0.058000 0.059000
1 0.123500 0.116000 0.079000 0.078000
1 0.892000 0.935000 0.040000 0.038000
1 0.849000 0.588500 0.066000 0.059000
1 0.473000 0.247000 0.066000 0.054000
1 0.920500 0.356500 0.087000 0.071000
1 0.828000 0.333000 0.072000 0.070000
1 0.435500 0.473500 0.059000 0.057000
1 0.933500 0.673000 0.055000 0.066000
1 0.275500 0.133000 0.069000 0.068000
1 0.065000 0.692000 0.050000 0.070000
1 0.730500 0.133000 0.051000 0.052000
1 0.236000 0.580000 0.066000 0.058000
1 0.391000 0.387500 0.048000 0.041000
1 0.540500 0.606500 0.063000 0.045000
1 0.670500 0.401000 0.041000 0.048000
1 0.614000 0.370500 0.046000 0.051000
1 0.686500 0.670500 0.053000 0.063000
1 0.011000 0.677500 0.022000 0.049000
1 0.620000 0.016500 0.054000 0.033000
1 0.779000 0.436000 0.058000 0.052000
1 0.595000 0.487000 0.056000 0.048000
1 0.506500 0.454000 0.049000 0.050000
1 0.117500 0.224000 0.051000 0.058000
1 0.675500 0.020000 0.057000 0.040000
1 0.639500 0.320000 0.047000 0.042000
1 0.366000 0.434000 0.054000 0.054000
1 0.170000 0.316000 0.048000 0.050000
1 0.458000 0.568500 0.052000 0.053000
1 0.108500 0.368000 0.053000 0.052000
1 0.283000 0.398000 0.074000 0.070000
1 0.342000 0.331500 0.058000 0.061000
1 0.431500 0.188000 0.053000 0.052000
1 0.157000 0.182000 0.050000 0.050000