1 0.401000 0.438000 0.078000 0.064000
1 0.806000 0.693000 0.116000 0.190000
1 0.409000 0.594000 0.138000 0.100000
1 0.647000 0.313000 0.054000 0.054000
1 0.470000 0.674000 0.196000 0.124000
1 0.501000 0.874000 0.110000 0.092000
1 0.443000 0.222000 0.070000 0.072000
1 0.462000 0.278000 0.052000 0.056000
1 0.083000 0.773000 0.166000 0.138000
1 0.834000 0.458000 0.040000 0.056000
1 0.169000 0.143000 0.082000 0.090000
1 0.786000 0.399000 0.056000 0.054000
1 0.726000 0.548000 0.076000 0.052000
1 0.155000 0.049000 0.110000 0.098000
1 0.722000 0.811000 0.052000 0.046000
1 0.583000 0.197000 0.078000 0.094000
1 0.215000 0.232000 0.090000 0.096000
1 0.291000 0.318000 0.146000 0.120000
1 0.574000 0.368000 0.064000 0.056000
1 0.895000 0.289000 0.038000 0.046000
1 0.138000 0.788000 0.096000 0.080000
1 0.362000 0.519000 0.144000 0.126000
1 0.690000 0.829000 0.056000 0.054000
1 0.302000 0.424000 0.088000 0.096000
1 0.788000 0.474000 0.048000 0.060000
1 0.709000 0.876000 0.050000 0.052000
1 0.400000 0.270000 0.080000 0.100000
1 0.909000 0.618000 0.042000 0.048000
1 0.859000 0.314000 0.050000 0.048000
1 0.317000 0.177000 0.134000 0.098000
1 0.780000 0.114000 0.104000 0.112000
1 0.793000 0.317000 0.038000 0.046000
1 0.397000 0.970000 0.082000 0.056000
1 0.543000 0.069000 0.122000 0.138000
1 0.248000 0.272000 0.080000 0.064000
1 0.496000 0.561000 0.060000 0.074000
1 0.077000 0.417000 0.154000 0.282000