1 0.719500 0.956000 0.027000 0.044000
2 0.418000 0.679500 0.028000 0.021000
1 0.731000 0.645500 0.012000 0.015000
2 0.952500 0.235500 0.025000 0.031000
1 0.790500 0.681000 0.045000 0.046000
1 0.396000 0.720500 0.042000 0.047000
1 0.986000 0.232500 0.026000 0.045000
1 0.586500 0.425500 0.015000 0.031000
1 0.782000 0.525500 0.030000 0.041000
1 0.681000 0.961000 0.036000 0.050000
2 0.497500 0.523500 0.021000 0.021000
1 0.591500 0.798500 0.041000 0.055000
1 0.628000 0.802500 0.022000 0.037000
1 0.798500 0.646500 0.017000 0.017000