1 0.200500 0.183000 0.081000 0.078000
1 0.115000 0.042500 0.068000 0.067000
1 0.933500 0.260000 0.049000 0.044000
1 0.961000 0.669000 0.068000 0.092000
1 0.477500 0.424500 0.075000 0.033000
1 0.912500 0.546000 0.075000 0.098000
1 0.409000 0.247500 0.054000 0.055000
1 0.396500 0.062000 0.055000 0.078000
1 0.736500 0.440500 0.079000 0.085000
1 0.582000 0.596500 0.062000 0.057000
1 0.258500 0.426000 0.063000 0.074000
1 0.338500 0.188000 0.059000 0.086000
1 0.917500 0.102000 0.081000 0.072000
1 0.563500 0.372000 0.057000 0.060000
1 0.732500 0.795000 0.031000 0.052000
1 0.806500 0.019500 0.049000 0.039000
1 0.389000 0.473500 0.042000 0.059000
1 0.565500 0.524000 0.083000 0.070000
1 0.742500 0.723500 0.063000 0.069000
1 0.057500 0.452500 0.053000 0.069000
1 0.364500 0.398000 0.053000 0.072000
1 0.154000 0.333500 0.050000 0.073000
1 0.176000 0.531000 0.072000 0.070000
1 0.303000 0.291000 0.064000 0.060000
1 0.495000 0.252000 0.072000 0.064000
1 0.753500 0.560000 0.051000 0.056000
1 0.497500 0.384000 0.025000 0.038000
1 0.178500 0.438500 0.033000 0.061000
1 0.458000 0.114500 0.054000 0.045000
1 0.043500 0.333500 0.067000 0.085000
1 0.036000 0.182000 0.072000 0.114000