1 0.813000 0.779000 0.064000 0.088000
1 0.479500 0.064000 0.119000 0.128000
1 0.114500 0.301500 0.059000 0.071000
1 0.880500 0.379500 0.057000 0.069000
1 0.944500 0.227000 0.061000 0.074000
1 0.633000 0.685500 0.076000 0.071000
1 0.197000 0.030500 0.106000 0.061000
0 0.406500 0.574500 0.077000 0.097000
1 0.042500 0.383500 0.085000 0.121000
1 0.736500 0.292500 0.105000 0.099000
1 0.901500 0.313500 0.061000 0.077000
1 0.064500 0.951500 0.093000 0.095000
1 0.767500 0.101500 0.075000 0.075000
1 0.279000 0.836000 0.100000 0.096000