1 0.284500 0.659500 0.061000 0.069000
1 0.923000 0.486000 0.110000 0.064000
1 0.118000 0.656000 0.078000 0.052000
1 0.285500 0.774000 0.049000 0.036000
1 0.084000 0.946000 0.046000 0.054000
1 0.036000 0.751000 0.072000 0.064000
1 0.203000 0.755000 0.096000 0.068000
1 0.210000 0.933000 0.056000 0.064000
1 0.037500 0.642000 0.075000 0.072000
1 0.108500 0.767500 0.063000 0.037000
1 0.609500 0.655500 0.225000 0.105000
1 0.205500 0.651500 0.091000 0.069000
1 0.635500 0.822000 0.225000 0.162000
1 0.915000 0.752000 0.072000 0.052000
1 0.658000 0.452000 0.056000 0.056000