1 0.662500 0.558500 0.063000 0.065000
2 0.614000 0.387000 0.038000 0.040000
2 0.717500 0.416500 0.045000 0.037000
1 0.329500 0.266000 0.053000 0.056000
2 0.217000 0.366500 0.040000 0.035000
1 0.346500 0.167000 0.035000 0.046000
1 0.934000 0.153500 0.050000 0.051000
1 0.394000 0.808500 0.072000 0.057000
1 0.634500 0.211000 0.057000 0.058000
2 0.271000 0.038500 0.036000 0.035000
1 0.303500 0.235000 0.043000 0.044000
2 0.824500 0.289500 0.045000 0.041000
2 0.781000 0.389000 0.032000 0.032000
1 0.746500 0.061000 0.051000 0.048000
2 0.392500 0.029000 0.039000 0.042000