1 0.858000 0.562000 0.056000 0.056000
1 0.368000 0.963000 0.076000 0.070000
1 0.372000 0.668000 0.056000 0.064000
1 0.458000 0.309000 0.052000 0.054000
1 0.951000 0.404000 0.082000 0.072000
1 0.665000 0.350000 0.070000 0.072000
1 0.550000 0.661000 0.072000 0.070000
1 0.761000 0.837000 0.070000 0.062000
2 0.400000 0.331000 0.072000 0.062000
1 0.396000 0.760000 0.072000 0.060000
1 0.499000 0.232000 0.054000 0.080000
1 0.605000 0.487000 0.050000 0.046000
1 0.407000 0.096000 0.094000 0.084000
1 0.408000 0.596000 0.068000 0.076000
1 0.051000 0.519000 0.058000 0.078000
1 0.561000 0.532000 0.050000 0.056000
1 0.632000 0.287000 0.064000 0.046000
2 0.716000 0.558000 0.056000 0.052000
1 0.034000 0.116000 0.068000 0.084000
1 0.879000 0.870000 0.058000 0.056000
1 0.657000 0.161000 0.118000 0.078000
1 0.511000 0.970000 0.070000 0.052000
2 0.647000 0.931000 0.058000 0.050000
1 0.148000 0.526000 0.076000 0.064000
1 0.431000 0.664000 0.058000 0.044000
1 0.304000 0.051000 0.068000 0.074000
1 0.967000 0.895000 0.062000 0.070000
1 0.543000 0.401000 0.054000 0.050000
1 0.131000 0.916000 0.066000 0.052000
1 0.708000 0.028000 0.064000 0.040000
1 0.725000 0.165000 0.062000 0.086000
1 0.283000 0.570000 0.138000 0.116000
1 0.474000 0.626000 0.068000 0.056000
1 0.805000 0.260000 0.106000 0.104000
1 0.775000 0.427000 0.074000 0.054000
1 0.913000 0.697000 0.074000 0.082000
1 0.192000 0.124000 0.072000 0.068000
1 0.014000 0.506000 0.028000 0.068000