1 0.915000 0.336000 0.042000 0.040000
1 0.660000 0.690000 0.056000 0.052000
1 0.685000 0.927000 0.082000 0.070000
1 0.037000 0.233000 0.050000 0.050000
1 0.245000 0.486000 0.054000 0.060000
1 0.633000 0.415000 0.042000 0.046000
1 0.023000 0.620000 0.038000 0.044000
1 0.722000 0.416000 0.048000 0.048000
1 0.935000 0.586000 0.038000 0.040000
1 0.043000 0.643000 0.034000 0.038000
1 0.789000 0.605000 0.066000 0.062000
1 0.101000 0.592000 0.058000 0.060000
1 0.431000 0.697000 0.050000 0.058000
1 0.207000 0.567000 0.042000 0.046000
1 0.578000 0.549000 0.044000 0.046000
1 0.562000 0.804000 0.040000 0.044000
0 0.956000 0.687000 0.064000 0.038000
1 0.539000 0.521000 0.050000 0.050000