1 0.214000 0.754000 0.084000 0.100000
1 0.405000 0.311000 0.054000 0.078000
1 0.488000 0.783000 0.096000 0.090000
1 0.615000 0.510000 0.046000 0.052000
1 0.035000 0.470000 0.062000 0.080000
1 0.425000 0.241000 0.150000 0.106000
1 0.030000 0.972000 0.056000 0.048000
1 0.542000 0.949000 0.120000 0.082000
1 0.266000 0.954000 0.088000 0.088000
1 0.155000 0.904000 0.110000 0.084000
1 0.453000 0.483000 0.054000 0.054000
1 0.488000 0.034000 0.036000 0.056000
1 0.094000 0.333000 0.068000 0.074000
1 0.380000 0.761000 0.088000 0.074000
1 0.925000 0.578000 0.062000 0.072000
1 0.912000 0.317000 0.140000 0.070000
1 0.614000 0.056000 0.044000 0.056000
1 0.691000 0.529000 0.050000 0.054000
1 0.647000 0.258000 0.098000 0.064000
1 0.114000 0.475000 0.064000 0.086000
1 0.772000 0.976000 0.084000 0.044000
1 0.169000 0.564000 0.082000 0.076000
1 0.161000 0.054000 0.078000 0.104000
1 0.533000 0.498000 0.054000 0.056000
1 0.965000 0.973000 0.066000 0.050000