2 0.205500 0.088500 0.027000 0.023000
1 0.797000 0.038500 0.040000 0.043000
1 0.027500 0.254000 0.055000 0.036000
1 0.307000 0.122000 0.048000 0.052000
1 0.071000 0.963500 0.038000 0.035000
1 0.238500 0.955000 0.041000 0.044000
1 0.096000 0.880500 0.050000 0.035000
1 0.284000 0.649000 0.024000 0.038000
1 0.263000 0.336000 0.046000 0.046000
1 0.139000 0.748500 0.030000 0.057000
1 0.654500 0.489000 0.041000 0.032000
1 0.961500 0.900500 0.061000 0.047000
1 0.142500 0.019000 0.047000 0.036000
1 0.147000 0.628500 0.048000 0.055000
1 0.516000 0.955000 0.046000 0.040000
1 0.323500 0.928500 0.055000 0.047000
1 0.855500 0.287500 0.029000 0.055000
1 0.562000 0.622000 0.054000 0.030000
1 0.886000 0.866000 0.036000 0.058000
1 0.015000 0.411500 0.030000 0.033000
1 0.025000 0.472500 0.050000 0.061000
1 0.719000 0.605000 0.048000 0.034000
1 0.077000 0.813500 0.060000 0.031000
1 0.522500 0.395500 0.061000 0.045000
1 0.317000 0.893500 0.042000 0.023000
1 0.859500 0.211000 0.021000 0.048000
1 0.168500 0.862000 0.057000 0.052000
1 0.273500 0.774000 0.023000 0.050000
1 0.527000 0.360000 0.044000 0.030000
1 0.475500 0.089500 0.071000 0.047000
1 0.575500 0.936500 0.053000 0.047000
1 0.553000 0.777500 0.064000 0.045000
1 0.284000 0.171000 0.088000 0.042000
1 0.939000 0.339500 0.038000 0.023000
2 0.206500 0.513500 0.023000 0.035000
1 0.274000 0.038000 0.040000 0.036000
1 0.745500 0.879500 0.043000 0.033000
1 0.719500 0.357500 0.047000 0.041000
1 0.752000 0.930500 0.026000 0.023000
1 0.024500 0.572000 0.049000 0.024000
1 0.257500 0.109000 0.055000 0.052000
1 0.153000 0.515500 0.028000 0.055000
1 0.185000 0.572000 0.058000 0.032000
1 0.123500 0.559000 0.051000 0.030000
1 0.587500 0.833500 0.047000 0.039000
1 0.975500 0.528500 0.047000 0.039000
1 0.318500 0.066000 0.043000 0.050000
1 0.389000 0.172000 0.054000 0.036000
1 0.474500 0.053000 0.041000 0.028000
1 0.591500 0.045000 0.037000 0.024000
1 0.261500 0.611500 0.087000 0.031000
1 0.070500 0.644000 0.049000 0.052000
1 0.588000 0.551000 0.070000 0.058000