1 0.970000 0.893000 0.056000 0.078000
1 0.965000 0.795000 0.066000 0.070000
1 0.609000 0.432000 0.078000 0.096000
1 0.414000 0.447000 0.052000 0.050000
2 0.841000 0.311000 0.074000 0.066000
1 0.218000 0.850000 0.056000 0.084000
1 0.274000 0.507000 0.056000 0.054000
1 0.060000 0.949000 0.068000 0.058000
1 0.514000 0.061000 0.052000 0.054000
1 0.508000 0.760000 0.072000 0.056000
1 0.655000 0.326000 0.058000 0.048000
1 0.640000 0.206000 0.076000 0.064000
1 0.780000 0.878000 0.048000 0.044000
1 0.907000 0.432000 0.066000 0.088000
1 0.280000 0.767000 0.140000 0.082000
1 0.360000 0.539000 0.064000 0.070000
1 0.873000 0.564000 0.058000 0.044000
1 0.388000 0.255000 0.076000 0.066000
1 0.852000 0.885000 0.048000 0.050000
1 0.917000 0.233000 0.062000 0.078000
1 0.745000 0.725000 0.054000 0.062000
1 0.779000 0.421000 0.066000 0.058000
1 0.518000 0.553000 0.080000 0.090000
1 0.747000 0.156000 0.066000 0.088000
1 0.912000 0.162000 0.048000 0.044000