1 0.909000 0.780000 0.078000 0.072000
1 0.971000 0.963000 0.054000 0.058000
1 0.854000 0.217000 0.060000 0.062000
1 0.836000 0.720000 0.072000 0.076000
1 0.614000 0.342000 0.064000 0.048000
1 0.143000 0.693000 0.042000 0.054000
1 0.762000 0.167000 0.088000 0.086000
1 0.818000 0.352000 0.052000 0.064000
1 0.028000 0.277000 0.056000 0.062000
1 0.147000 0.753000 0.038000 0.054000
1 0.188000 0.071000 0.076000 0.074000
1 0.599000 0.195000 0.094000 0.082000
1 0.920000 0.075000 0.060000 0.058000
1 0.737000 0.019000 0.054000 0.038000
1 0.126000 0.620000 0.052000 0.060000
1 0.718000 0.585000 0.076000 0.074000
1 0.662000 0.365000 0.052000 0.070000
1 0.193000 0.403000 0.046000 0.070000
1 0.643000 0.454000 0.042000 0.056000
2 0.836000 0.103000 0.060000 0.070000
1 0.577000 0.045000 0.058000 0.054000
1 0.819000 0.277000 0.066000 0.070000