1 0.794000 0.042000 0.048000 0.060000
1 0.437000 0.294000 0.070000 0.088000
1 0.234000 0.919000 0.072000 0.066000
1 0.384000 0.773000 0.096000 0.078000
1 0.032000 0.217000 0.064000 0.070000
1 0.591000 0.024000 0.066000 0.048000
2 0.916000 0.262000 0.056000 0.052000
1 0.065000 0.101000 0.062000 0.154000
1 0.697000 0.613000 0.094000 0.082000
1 0.371000 0.231000 0.074000 0.058000
1 0.023000 0.647000 0.046000 0.062000
1 0.713000 0.340000 0.082000 0.072000
1 0.737000 0.279000 0.086000 0.078000
1 0.177000 0.683000 0.078000 0.054000
1 0.776000 0.369000 0.072000 0.062000
1 0.979000 0.635000 0.038000 0.062000
1 0.338000 0.554000 0.056000 0.060000
1 0.632000 0.251000 0.088000 0.086000
2 0.386000 0.113000 0.060000 0.050000