1 0.473500 0.288500 0.043000 0.039000
1 0.480500 0.043500 0.027000 0.033000
1 0.965500 0.290500 0.067000 0.061000
1 0.703000 0.494500 0.050000 0.049000
1 0.061000 0.332500 0.042000 0.035000
1 0.644500 0.867500 0.045000 0.049000
1 0.393000 0.283000 0.068000 0.064000
1 0.159500 0.374500 0.035000 0.045000
1 0.404500 0.163500 0.057000 0.039000
1 0.522500 0.394500 0.049000 0.053000
1 0.290000 0.146500 0.058000 0.067000
1 0.204000 0.170000 0.056000 0.042000
1 0.459000 0.436500 0.054000 0.049000
1 0.368000 0.224500 0.064000 0.051000
1 0.729000 0.862500 0.078000 0.089000
1 0.864000 0.297000 0.066000 0.114000
1 0.960000 0.961500 0.062000 0.045000
1 0.589000 0.251000 0.050000 0.026000
1 0.510000 0.226500 0.062000 0.053000
1 0.801500 0.316500 0.061000 0.049000
1 0.510000 0.700000 0.048000 0.058000
1 0.643000 0.388000 0.060000 0.056000
1 0.734500 0.619500 0.073000 0.045000
1 0.631500 0.524500 0.075000 0.063000
1 0.380500 0.479000 0.043000 0.050000
1 0.563500 0.554500 0.079000 0.095000
1 0.024000 0.133000 0.048000 0.046000
1 0.070000 0.989000 0.046000 0.020000
1 0.900000 0.590500 0.046000 0.071000
1 0.377500 0.412000 0.039000 0.034000
1 0.349500 0.586500 0.063000 0.061000
1 0.308500 0.936000 0.037000 0.080000
1 0.439500 0.114500 0.031000 0.039000
1 0.483000 0.102000 0.052000 0.076000
1 0.027500 0.874000 0.055000 0.046000
1 0.305000 0.791500 0.054000 0.041000
1 0.664000 0.977500 0.058000 0.043000
1 0.206500 0.653000 0.057000 0.042000
1 0.230000 0.039500 0.066000 0.057000
1 0.795500 0.980500 0.063000 0.037000
1 0.230000 0.794000 0.054000 0.072000
1 0.168500 0.822000 0.053000 0.040000
1 0.807500 0.605000 0.075000 0.100000
1 0.127500 0.537000 0.051000 0.048000
1 0.138000 0.666500 0.062000 0.051000
1 0.115000 0.201500 0.092000 0.079000
1 0.291500 0.749500 0.055000 0.065000
1 0.385000 0.095500 0.050000 0.061000
1 0.441500 0.732500 0.075000 0.085000
1 0.518500 0.862500 0.047000 0.043000
1 0.230000 0.968000 0.056000 0.046000
1 0.866500 0.801000 0.059000 0.050000
1 0.557500 0.104000 0.047000 0.062000
1 0.579500 0.863500 0.071000 0.067000
1 0.070000 0.386500 0.050000 0.055000
1 0.578500 0.676500 0.069000 0.051000
1 0.371500 0.678500 0.047000 0.035000
1 0.848000 0.498000 0.066000 0.084000
2 0.592500 0.629500 0.043000 0.051000
1 0.793000 0.808000 0.074000 0.078000
1 0.873000 0.969500 0.088000 0.059000
1 0.104000 0.986500 0.030000 0.025000
1 0.233000 0.439000 0.044000 0.054000
1 0.288000 0.072500 0.038000 0.045000
1 0.172000 0.030500 0.044000 0.061000
1 0.775500 0.477500 0.055000 0.041000
1 0.358000 0.979500 0.056000 0.039000
1 0.515000 0.029500 0.040000 0.053000
1 0.458000 0.198000 0.054000 0.068000
1 0.654500 0.670500 0.053000 0.051000
1 0.393500 0.187000 0.031000 0.038000
1 0.012500 0.696000 0.025000 0.036000
1 0.255500 0.919500 0.055000 0.035000
1 0.440500 0.916000 0.075000 0.058000
1 0.281000 0.617000 0.072000 0.052000