1 0.914000 0.111000 0.066000 0.082000
1 0.802000 0.215500 0.060000 0.083000
1 0.729000 0.434500 0.044000 0.067000
1 0.406000 0.178500 0.046000 0.033000
1 0.680500 0.807000 0.057000 0.074000
1 0.490000 0.185500 0.052000 0.037000
2 0.573000 0.222000 0.052000 0.040000
2 0.263500 0.732000 0.037000 0.028000
1 0.783000 0.289500 0.066000 0.079000
1 0.675500 0.874000 0.035000 0.052000
1 0.651500 0.672500 0.037000 0.055000
1 0.424500 0.548000 0.049000 0.054000
2 0.214000 0.946000 0.032000 0.040000
2 0.416000 0.847000 0.038000 0.050000