1 0.672500 0.083500 0.077000 0.115000
1 0.596500 0.035500 0.055000 0.031000
1 0.391500 0.407500 0.125000 0.125000
1 0.803000 0.871000 0.108000 0.124000
1 0.497000 0.667000 0.208000 0.212000
1 0.874000 0.965000 0.044000 0.054000
1 0.762500 0.913000 0.093000 0.088000
1 0.583500 0.153500 0.033000 0.039000
1 0.677000 0.234000 0.078000 0.142000
1 0.326500 0.477000 0.077000 0.072000
1 0.902000 0.782500 0.056000 0.069000
1 0.461000 0.219500 0.110000 0.139000
1 0.439500 0.086000 0.067000 0.094000
1 0.695000 0.952500 0.092000 0.093000
1 0.139000 0.104500 0.182000 0.195000
1 0.979000 0.741000 0.040000 0.062000
1 0.072500 0.401500 0.121000 0.051000
1 0.028500 0.153500 0.049000 0.105000