2 0.907000 0.556000 0.042000 0.048000
1 0.242000 0.320000 0.080000 0.072000
1 0.485000 0.178000 0.054000 0.052000
1 0.682000 0.250000 0.056000 0.056000
1 0.820000 0.441000 0.048000 0.046000
1 0.667000 0.073000 0.074000 0.070000
1 0.080000 0.016000 0.060000 0.032000
1 0.155000 0.125000 0.090000 0.086000
2 0.966000 0.467000 0.040000 0.042000
1 0.022000 0.446000 0.044000 0.048000
1 0.982000 0.401000 0.032000 0.058000
1 0.539000 0.216000 0.050000 0.056000
1 0.847000 0.052000 0.054000 0.068000
1 0.874000 0.372000 0.040000 0.040000
1 0.102000 0.535000 0.068000 0.070000
1 0.874000 0.453000 0.044000 0.042000
1 0.914000 0.448000 0.044000 0.044000
1 0.719000 0.220000 0.062000 0.060000
1 0.049000 0.205000 0.082000 0.058000
1 0.025000 0.546000 0.050000 0.048000
1 0.854000 0.190000 0.092000 0.076000
1 0.927000 0.487000 0.042000 0.038000
1 0.305000 0.218000 0.082000 0.076000
1 0.818000 0.353000 0.080000 0.070000
2 0.947000 0.594000 0.030000 0.032000
2 0.773000 0.482000 0.066000 0.060000
1 0.899000 0.034000 0.066000 0.068000
1 0.382000 0.013000 0.056000 0.026000
1 0.842000 0.483000 0.040000 0.042000
1 0.340000 0.360000 0.060000 0.056000
1 0.976000 0.054000 0.044000 0.068000
1 0.870000 0.512000 0.044000 0.048000
1 0.738000 0.585000 0.040000 0.042000
1 0.595000 0.200000 0.074000 0.056000
1 0.879000 0.408000 0.062000 0.048000
1 0.329000 0.454000 0.054000 0.060000
1 0.404000 0.746000 0.028000 0.032000
1 0.303000 0.292000 0.042000 0.036000
2 0.914000 0.598000 0.032000 0.040000
1 0.581000 0.400000 0.062000 0.072000
1 0.472000 0.088000 0.076000 0.060000
1 0.651000 0.269000 0.054000 0.070000
1 0.695000 0.327000 0.042000 0.042000
1 0.599000 0.287000 0.070000 0.078000
1 0.794000 0.077000 0.072000 0.078000
1 0.027000 0.098000 0.054000 0.056000
1 0.658000 0.195000 0.060000 0.070000
1 0.313000 0.023000 0.074000 0.046000
1 0.530000 0.448000 0.072000 0.084000
1 0.557000 0.316000 0.074000 0.076000
1 0.266000 0.490000 0.084000 0.076000
1 0.464000 0.468000 0.076000 0.068000
1 0.561000 0.062000 0.082000 0.056000
1 0.026000 0.619000 0.052000 0.046000
1 0.547000 0.017000 0.054000 0.034000
1 0.704000 0.430000 0.048000 0.040000
1 0.956000 0.017000 0.060000 0.034000
2 0.871000 0.571000 0.050000 0.066000
1 0.059000 0.319000 0.046000 0.050000
1 0.734000 0.054000 0.060000 0.068000
1 0.824000 0.531000 0.044000 0.046000
1 0.588000 0.016000 0.032000 0.032000
2 0.966000 0.466000 0.040000 0.044000
1 0.110000 0.414000 0.060000 0.052000
1 0.767000 0.375000 0.050000 0.046000
1 0.781000 0.421000 0.046000 0.050000
2 0.982000 0.501000 0.032000 0.046000
1 0.350000 0.108000 0.076000 0.064000
1 0.154000 0.344000 0.072000 0.048000
1 0.173000 0.413000 0.042000 0.046000
1 0.163000 0.725000 0.078000 0.054000
1 0.781000 0.020000 0.066000 0.040000
1 0.252000 0.118000 0.072000 0.056000
1 0.708000 0.371000 0.060000 0.054000
1 0.058000 0.264000 0.064000 0.052000
1 0.593000 0.450000 0.046000 0.044000
2 0.375000 0.430000 0.054000 0.048000
1 0.749000 0.303000 0.070000 0.078000
1 0.157000 0.280000 0.034000 0.068000
1 0.781000 0.571000 0.046000 0.042000
1 0.638000 0.027000 0.060000 0.046000
1 0.906000 0.335000 0.076000 0.078000
1 0.958000 0.225000 0.052000 0.054000
2 0.398000 0.493000 0.064000 0.066000
2 0.835000 0.581000 0.050000 0.054000
1 0.061000 0.403000 0.038000 0.070000