1 0.100000 0.654500 0.044000 0.073000
1 0.717000 0.613000 0.042000 0.048000
1 0.146500 0.970500 0.047000 0.037000
1 0.683500 0.798500 0.041000 0.051000
1 0.743000 0.383500 0.032000 0.045000
1 0.319000 0.914500 0.072000 0.065000
1 0.233500 0.517500 0.047000 0.041000
1 0.373000 0.975500 0.050000 0.047000
1 0.147500 0.852500 0.037000 0.051000
1 0.620000 0.410000 0.054000 0.022000
1 0.159000 0.773500 0.060000 0.063000
1 0.913500 0.622500 0.071000 0.047000
1 0.406500 0.493000 0.053000 0.046000
1 0.586000 0.767000 0.070000 0.040000
1 0.222500 0.883500 0.069000 0.027000
1 0.056000 0.900500 0.054000 0.061000
1 0.690000 0.975500 0.022000 0.047000
1 0.668000 0.917000 0.058000 0.022000
1 0.666000 0.869000 0.094000 0.042000
1 0.135500 0.499000 0.059000 0.066000
1 0.064500 0.864500 0.059000 0.033000
1 0.355500 0.427000 0.023000 0.062000
1 0.422000 0.980000 0.044000 0.038000
1 0.468500 0.181000 0.045000 0.034000
1 0.469500 0.928500 0.057000 0.055000
1 0.333000 0.822000 0.074000 0.032000
1 0.197500 0.678500 0.043000 0.065000
1 0.853500 0.710500 0.031000 0.049000
1 0.754500 0.975000 0.053000 0.048000
1 0.582500 0.729500 0.065000 0.037000
1 0.544500 0.905000 0.059000 0.042000
1 0.383000 0.211500 0.048000 0.035000
1 0.635000 0.567000 0.060000 0.080000
1 0.155500 0.391500 0.061000 0.051000
1 0.083500 0.744000 0.055000 0.070000
1 0.524000 0.641500 0.054000 0.047000
1 0.589500 0.558000 0.023000 0.040000
1 0.308000 0.436000 0.054000 0.038000
1 0.353000 0.641500 0.056000 0.051000
1 0.293500 0.976500 0.057000 0.043000
1 0.188000 0.987000 0.040000 0.024000
1 0.343500 0.862000 0.047000 0.054000
1 0.741000 0.512000 0.050000 0.036000
1 0.625000 0.304500 0.050000 0.049000
1 0.826000 0.455000 0.044000 0.054000
1 0.779000 0.619000 0.050000 0.058000
1 0.473000 0.629000 0.048000 0.036000
1 0.786000 0.324000 0.052000 0.056000
1 0.828000 0.648000 0.062000 0.042000
1 0.070500 0.359500 0.055000 0.061000
1 0.736000 0.564500 0.042000 0.051000
1 0.104000 0.588000 0.044000 0.038000
1 0.269000 0.248500 0.064000 0.073000
1 0.239000 0.416500 0.058000 0.047000
1 0.051500 0.962000 0.041000 0.040000
1 0.715000 0.436500 0.046000 0.049000
1 0.150500 0.666000 0.041000 0.050000
1 0.529500 0.303000 0.027000 0.038000
1 0.088500 0.821500 0.045000 0.051000
1 0.190500 0.722500 0.041000 0.035000
1 0.505000 0.257500 0.056000 0.047000
1 0.839000 0.396000 0.046000 0.054000
1 0.436500 0.915000 0.025000 0.040000
1 0.516000 0.768000 0.034000 0.048000
1 0.803000 0.924500 0.030000 0.059000
1 0.867500 0.308500 0.057000 0.053000
1 0.469000 0.780000 0.050000 0.038000
1 0.781000 0.366500 0.056000 0.049000
1 0.672000 0.836500 0.102000 0.037000
1 0.086000 0.967500 0.020000 0.037000
1 0.805500 0.529500 0.051000 0.055000
1 0.399000 0.456500 0.026000 0.021000
1 0.254500 0.871000 0.047000 0.026000
1 0.429500 0.848000 0.053000 0.062000
1 0.729500 0.928500 0.047000 0.049000
1 0.593500 0.666000 0.065000 0.054000
1 0.217500 0.936000 0.053000 0.042000
1 0.157500 0.613500 0.053000 0.049000
1 0.688500 0.695500 0.071000 0.085000
1 0.127000 0.921000 0.102000 0.064000
1 0.718000 0.803500 0.036000 0.041000
1 0.272500 0.579500 0.071000 0.103000
1 0.268000 0.353000 0.052000 0.056000
1 0.935000 0.545000 0.050000 0.036000