1 0.048500 0.110000 0.097000 0.082000
1 0.314500 0.320500 0.047000 0.045000
1 0.450500 0.644000 0.045000 0.044000
1 0.757000 0.394000 0.058000 0.048000
1 0.431500 0.017500 0.069000 0.035000
1 0.301000 0.643500 0.074000 0.065000
1 0.572000 0.932500 0.060000 0.067000
1 0.841500 0.701500 0.061000 0.057000
1 0.325000 0.236000 0.058000 0.074000
1 0.377000 0.328000 0.046000 0.042000
1 0.913000 0.449000 0.096000 0.082000
1 0.506000 0.887000 0.072000 0.072000
1 0.535000 0.055500 0.066000 0.055000
1 0.479500 0.285500 0.121000 0.057000
1 0.575000 0.698000 0.080000 0.064000
1 0.744500 0.931500 0.079000 0.073000
1 0.051500 0.488000 0.095000 0.084000
1 0.795000 0.033500 0.044000 0.045000