2 0.175500 0.456500 0.023000 0.059000
1 0.618000 0.019500 0.046000 0.039000
2 0.453000 0.390000 0.024000 0.022000
2 0.454000 0.419000 0.038000 0.036000
2 0.313500 0.403500 0.029000 0.021000
2 0.780500 0.695500 0.031000 0.027000
1 0.597000 0.851500 0.060000 0.039000
2 0.117500 0.369000 0.027000 0.040000
1 0.674000 0.104000 0.058000 0.070000
2 0.589500 0.811000 0.019000 0.024000
1 0.890000 0.245500 0.072000 0.081000
2 0.482500 0.403500 0.023000 0.031000
2 0.411500 0.430500 0.033000 0.025000
2 0.579000 0.042500 0.038000 0.041000