1 0.498500 0.946500 0.055000 0.067000
1 0.103500 0.334500 0.067000 0.053000
1 0.969500 0.768000 0.033000 0.044000
1 0.554000 0.497000 0.054000 0.058000
1 0.155500 0.627500 0.065000 0.087000
1 0.836000 0.832000 0.028000 0.040000
1 0.354000 0.471500 0.052000 0.077000
1 0.432000 0.344000 0.050000 0.036000
1 0.768000 0.904000 0.022000 0.036000
1 0.545500 0.116500 0.075000 0.059000
1 0.027000 0.045500 0.054000 0.043000
1 0.154000 0.797000 0.068000 0.050000
1 0.195000 0.097500 0.038000 0.051000
1 0.288500 0.912500 0.045000 0.051000
1 0.322000 0.325500 0.068000 0.075000
1 0.210000 0.451000 0.036000 0.052000
1 0.383000 0.830500 0.068000 0.055000
1 0.980000 0.405500 0.038000 0.081000