1 0.572000 0.718500 0.038000 0.021000
1 0.520000 0.168500 0.032000 0.047000
1 0.218000 0.308500 0.040000 0.037000
1 0.628500 0.979500 0.045000 0.039000
1 0.475000 0.187000 0.038000 0.032000
1 0.579000 0.767500 0.048000 0.045000
1 0.080000 0.443500 0.042000 0.041000
1 0.912500 0.167500 0.031000 0.035000
1 0.789000 0.893500 0.036000 0.057000
2 0.909000 0.077500 0.044000 0.039000
1 0.517500 0.566500 0.031000 0.035000
1 0.905500 0.113000 0.035000 0.028000
1 0.956000 0.330500 0.054000 0.041000
1 0.074500 0.848000 0.073000 0.050000