1 0.425000 0.105000 0.054000 0.090000
1 0.438000 0.882000 0.076000 0.088000
1 0.409000 0.201000 0.098000 0.070000
1 0.363000 0.347000 0.106000 0.086000
1 0.083000 0.724000 0.110000 0.104000
1 0.399000 0.972000 0.054000 0.052000
1 0.742000 0.550000 0.080000 0.100000
1 0.223000 0.022000 0.050000 0.040000
1 0.925000 0.603000 0.074000 0.086000
1 0.421000 0.034000 0.054000 0.056000
1 0.315000 0.953000 0.086000 0.090000
1 0.215000 0.574000 0.094000 0.088000
1 0.591000 0.265000 0.102000 0.094000
1 0.695000 0.920000 0.062000 0.076000
1 0.227000 0.870000 0.118000 0.128000