1 0.582000 0.874000 0.064000 0.060000
1 0.245000 0.463000 0.054000 0.062000
1 0.175000 0.286000 0.054000 0.068000
1 0.767000 0.873000 0.070000 0.066000
1 0.439000 0.629000 0.066000 0.078000
1 0.241000 0.354000 0.062000 0.060000
1 0.967000 0.941000 0.062000 0.062000
1 0.186000 0.535000 0.076000 0.058000
1 0.492000 0.851000 0.052000 0.038000
1 0.299000 0.849000 0.062000 0.062000
1 0.428000 0.556000 0.060000 0.072000
1 0.456000 0.293000 0.064000 0.058000
1 0.087000 0.779000 0.046000 0.062000
1 0.392000 0.386000 0.072000 0.100000
1 0.325000 0.094000 0.054000 0.076000
1 0.238000 0.263000 0.068000 0.054000
1 0.623000 0.709000 0.062000 0.070000
1 0.106000 0.302000 0.068000 0.052000
1 0.447000 0.876000 0.058000 0.064000
1 0.096000 0.205000 0.068000 0.094000
1 0.100000 0.509000 0.052000 0.082000
1 0.279000 0.930000 0.066000 0.068000
1 0.532000 0.625000 0.060000 0.066000
1 0.338000 0.665000 0.056000 0.066000
1 0.498000 0.895000 0.048000 0.042000
1 0.241000 0.190000 0.062000 0.048000
1 0.278000 0.738000 0.052000 0.052000
1 0.336000 0.572000 0.056000 0.064000
1 0.358000 0.737000 0.076000 0.046000
1 0.301000 0.257000 0.058000 0.062000
1 0.315000 0.196000 0.070000 0.052000
1 0.555000 0.299000 0.058000 0.054000
1 0.365000 0.805000 0.062000 0.066000
2 0.090000 0.354000 0.060000 0.048000
1 0.389000 0.468000 0.066000 0.076000
1 0.554000 0.420000 0.068000 0.104000
1 0.514000 0.959000 0.052000 0.070000
1 0.388000 0.258000 0.052000 0.064000
1 0.028000 0.201000 0.056000 0.050000
1 0.409000 0.090000 0.086000 0.080000
1 0.456000 0.787000 0.084000 0.050000
1 0.521000 0.539000 0.050000 0.058000
1 0.373000 0.919000 0.102000 0.078000
1 0.406000 0.154000 0.060000 0.056000
1 0.442000 0.945000 0.052000 0.058000
1 0.597000 0.962000 0.054000 0.064000
1 0.156000 0.908000 0.092000 0.096000
1 0.726000 0.967000 0.048000 0.038000
1 0.024000 0.973000 0.048000 0.050000
1 0.325000 0.383000 0.066000 0.066000