1 0.636000 0.579500 0.054000 0.061000
1 0.211500 0.877000 0.053000 0.044000
1 0.749000 0.463500 0.096000 0.085000
1 0.245500 0.902500 0.041000 0.039000
1 0.474500 0.584000 0.109000 0.096000
1 0.517500 0.434500 0.107000 0.137000
1 0.168000 0.535500 0.042000 0.043000
1 0.280000 0.931000 0.040000 0.046000
1 0.044000 0.766500 0.060000 0.057000
1 0.567000 0.188000 0.052000 0.058000
1 0.114500 0.305000 0.063000 0.050000
1 0.173500 0.401000 0.033000 0.042000
1 0.583500 0.666000 0.107000 0.096000
1 0.691000 0.027000 0.062000 0.036000
1 0.024500 0.205000 0.049000 0.056000
1 0.097000 0.804500 0.058000 0.049000
1 0.200000 0.208000 0.072000 0.074000
1 0.130000 0.955500 0.052000 0.051000
1 0.400000 0.230500 0.060000 0.057000
1 0.669000 0.409000 0.108000 0.108000
1 0.632500 0.229000 0.047000 0.050000
1 0.446500 0.163000 0.063000 0.052000
1 0.135000 0.842500 0.048000 0.047000
1 0.117500 0.403500 0.057000 0.051000
1 0.664500 0.543500 0.055000 0.059000
1 0.397000 0.520000 0.120000 0.110000
1 0.351000 0.292000 0.062000 0.060000
1 0.523500 0.308000 0.107000 0.100000
1 0.210000 0.318000 0.042000 0.050000
1 0.544500 0.510500 0.061000 0.053000
1 0.169000 0.911500 0.066000 0.065000
1 0.039500 0.660500 0.039000 0.033000
1 0.487500 0.042500 0.035000 0.031000
1 0.437500 0.330500 0.079000 0.057000
1 0.454500 0.400000 0.113000 0.126000
1 0.522500 0.069000 0.065000 0.066000
1 0.163500 0.342000 0.061000 0.076000
1 0.100500 0.468500 0.039000 0.041000