1 0.861500 0.826000 0.059000 0.072000
1 0.515000 0.406000 0.066000 0.044000
1 0.881000 0.274500 0.050000 0.041000
1 0.735000 0.132000 0.060000 0.046000
1 0.411000 0.291000 0.076000 0.068000
1 0.397000 0.029500 0.082000 0.059000
1 0.767000 0.508000 0.042000 0.036000
1 0.860500 0.114000 0.043000 0.050000
1 0.757500 0.231000 0.039000 0.054000
1 0.752000 0.030500 0.052000 0.049000
1 0.556000 0.383500 0.016000 0.045000
1 0.605500 0.328000 0.047000 0.036000
1 0.373500 0.426500 0.057000 0.069000
1 0.464000 0.207000 0.048000 0.046000
2 0.923000 0.295500 0.044000 0.059000
1 0.054000 0.172000 0.040000 0.070000