1 0.844000 0.477500 0.046000 0.057000
1 0.560000 0.054500 0.142000 0.109000
1 0.410500 0.695500 0.035000 0.037000
1 0.606500 0.222500 0.035000 0.033000
1 0.381500 0.442000 0.087000 0.118000
1 0.424000 0.513000 0.052000 0.054000
1 0.223000 0.471000 0.050000 0.044000
1 0.862500 0.857000 0.097000 0.126000
1 0.252000 0.535500 0.060000 0.073000
1 0.308500 0.432500 0.069000 0.059000
1 0.607500 0.702500 0.083000 0.095000
1 0.150500 0.235000 0.129000 0.122000
1 0.965500 0.417500 0.067000 0.049000
1 0.022000 0.238000 0.042000 0.056000
1 0.928000 0.056500 0.142000 0.113000