1 0.893000 0.941000 0.058000 0.042000
1 0.719000 0.369500 0.056000 0.037000
1 0.061500 0.840000 0.059000 0.062000
1 0.666500 0.959500 0.061000 0.049000
1 0.046000 0.926500 0.066000 0.067000
1 0.528500 0.670500 0.053000 0.053000
1 0.674500 0.795000 0.057000 0.044000
1 0.722500 0.241500 0.045000 0.055000
1 0.742000 0.437500 0.046000 0.069000
1 0.668500 0.605500 0.059000 0.061000
1 0.602000 0.706000 0.062000 0.040000
1 0.506500 0.304500 0.041000 0.043000
1 0.078000 0.650500 0.046000 0.175000
1 0.255000 0.908500 0.052000 0.049000
1 0.567500 0.945000 0.071000 0.050000
1 0.103000 0.514000 0.064000 0.040000
1 0.053000 0.038500 0.058000 0.051000
1 0.617500 0.821000 0.049000 0.040000
1 0.130000 0.633500 0.054000 0.161000
1 0.200000 0.637000 0.074000 0.078000
1 0.197500 0.562000 0.065000 0.050000
1 0.593500 0.549000 0.053000 0.052000
1 0.185500 0.936500 0.055000 0.041000
1 0.652500 0.710000 0.041000 0.052000