1 0.837500 0.333000 0.073000 0.056000
1 0.777000 0.839000 0.064000 0.070000
1 0.741000 0.370500 0.046000 0.059000
1 0.022500 0.689500 0.045000 0.059000
1 0.020000 0.168000 0.040000 0.052000
1 0.214500 0.179000 0.057000 0.054000
1 0.202500 0.899000 0.049000 0.050000
1 0.736500 0.447000 0.057000 0.062000
1 0.230500 0.771000 0.055000 0.062000
1 0.064000 0.788000 0.074000 0.074000
1 0.634500 0.573000 0.073000 0.072000
1 0.731500 0.616000 0.067000 0.078000
1 0.312500 0.791000 0.079000 0.054000
1 0.634000 0.481000 0.088000 0.092000
1 0.946500 0.076500 0.059000 0.053000
1 0.153500 0.556000 0.045000 0.048000
1 0.677000 0.695000 0.062000 0.058000
1 0.105000 0.981500 0.056000 0.035000
1 0.566500 0.641000 0.079000 0.076000
1 0.688000 0.573500 0.050000 0.051000
1 0.205500 0.381500 0.047000 0.049000
1 0.441000 0.930000 0.054000 0.068000
1 0.506000 0.711500 0.062000 0.059000
1 0.344000 0.398000 0.070000 0.064000
1 0.519500 0.415500 0.067000 0.061000
1 0.801500 0.656500 0.059000 0.067000
1 0.083500 0.431000 0.055000 0.050000
1 0.598500 0.097000 0.069000 0.052000
1 0.252000 0.950000 0.036000 0.046000
1 0.947500 0.713000 0.103000 0.118000
1 0.125000 0.221000 0.076000 0.070000
1 0.039500 0.284000 0.055000 0.066000
1 0.436000 0.471500 0.072000 0.067000
1 0.656000 0.860500 0.100000 0.079000
1 0.844000 0.915500 0.070000 0.061000
1 0.189500 0.466500 0.081000 0.073000
1 0.929000 0.382500 0.036000 0.061000
1 0.789500 0.253000 0.067000 0.086000
1 0.653000 0.415000 0.056000 0.056000
1 0.808500 0.452000 0.061000 0.056000
1 0.961500 0.913000 0.075000 0.082000
1 0.762500 0.160000 0.067000 0.076000
1 0.032500 0.636000 0.061000 0.060000
1 0.085000 0.544500 0.058000 0.059000
1 0.454000 0.200000 0.108000 0.096000
1 0.232000 0.315000 0.060000 0.052000