1 0.644500 0.186000 0.131000 0.190000
1 0.755500 0.022000 0.091000 0.040000
1 0.626500 0.868500 0.061000 0.043000
1 0.017000 0.339500 0.034000 0.053000
1 0.929000 0.160000 0.062000 0.086000
1 0.665000 0.783500 0.058000 0.037000
1 0.964500 0.879000 0.055000 0.074000
0 0.822500 0.754500 0.069000 0.057000
1 0.751000 0.923500 0.054000 0.055000
0 0.734500 0.611500 0.057000 0.041000
1 0.591500 0.952500 0.057000 0.039000
0 0.856000 0.671000 0.062000 0.048000
1 0.768500 0.531500 0.061000 0.043000
0 0.780000 0.844000 0.074000 0.054000
1 0.698000 0.696500 0.056000 0.045000
1 0.488000 0.086500 0.088000 0.083000