1 0.961000 0.726000 0.074000 0.212000
1 0.916000 0.591000 0.112000 0.110000
1 0.052000 0.315000 0.104000 0.126000
1 0.313000 0.125000 0.226000 0.202000
1 0.783000 0.789000 0.162000 0.126000
1 0.031000 0.244000 0.062000 0.104000
1 0.119000 0.731000 0.074000 0.102000
1 0.643000 0.859000 0.086000 0.078000
1 0.537000 0.547000 0.214000 0.282000
1 0.122000 0.925000 0.160000 0.146000
1 0.969000 0.337000 0.058000 0.070000
1 0.144000 0.251000 0.136000 0.122000
1 0.026000 0.759000 0.052000 0.122000
1 0.836000 0.410000 0.108000 0.092000
1 0.316000 0.636000 0.152000 0.132000
1 0.482000 0.064000 0.184000 0.128000
1 0.087000 0.840000 0.110000 0.104000
1 0.443000 0.635000 0.134000 0.210000
1 0.178000 0.700000 0.112000 0.100000
1 0.665000 0.033000 0.150000 0.066000