1 0.086000 0.911000 0.072000 0.066000
1 0.389000 0.767000 0.070000 0.050000
1 0.813000 0.329000 0.042000 0.062000
1 0.619000 0.314000 0.070000 0.068000
1 0.532000 0.523000 0.056000 0.062000
1 0.337000 0.384000 0.058000 0.096000
2 0.617000 0.421000 0.054000 0.054000
1 0.353000 0.557000 0.086000 0.046000
1 0.124000 0.427000 0.064000 0.070000
1 0.316000 0.978000 0.048000 0.040000
1 0.158000 0.246000 0.088000 0.064000
1 0.537000 0.671000 0.126000 0.078000
1 0.929000 0.484000 0.086000 0.036000
1 0.611000 0.123000 0.118000 0.078000
1 0.371000 0.980000 0.070000 0.036000
1 0.740000 0.189000 0.104000 0.078000
1 0.957000 0.111000 0.082000 0.090000
1 0.530000 0.310000 0.068000 0.068000
1 0.059000 0.156000 0.054000 0.072000
1 0.161000 0.830000 0.050000 0.076000
1 0.236000 0.912000 0.056000 0.056000
1 0.147000 0.551000 0.074000 0.050000
1 0.933000 0.329000 0.082000 0.058000
1 0.730000 0.423000 0.048000 0.034000
1 0.609000 0.948000 0.058000 0.052000
1 0.694000 0.892000 0.088000 0.060000
1 0.365000 0.616000 0.074000 0.076000
1 0.779000 0.703000 0.178000 0.114000
1 0.355000 0.887000 0.054000 0.074000
1 0.961000 0.043000 0.074000 0.034000
1 0.355000 0.679000 0.066000 0.050000
1 0.918000 0.547000 0.088000 0.078000
1 0.818000 0.419000 0.052000 0.038000
1 0.868000 0.848000 0.084000 0.048000
1 0.125000 0.400000 0.114000 0.080000
1 0.741000 0.345000 0.094000 0.074000
1 0.884000 0.230000 0.080000 0.068000
1 0.051000 0.798000 0.078000 0.064000
1 0.738000 0.125000 0.080000 0.038000
1 0.809000 0.273000 0.030000 0.050000
1 0.967000 0.409000 0.062000 0.066000
1 0.899000 0.412000 0.054000 0.048000