1 0.933000 0.698500 0.068000 0.055000
1 0.059500 0.949000 0.055000 0.052000
1 0.150500 0.405000 0.075000 0.070000
1 0.863500 0.710500 0.059000 0.077000
1 0.448000 0.596500 0.052000 0.033000
1 0.215000 0.026000 0.044000 0.036000
1 0.729000 0.396500 0.070000 0.055000
1 0.553000 0.337000 0.062000 0.074000
1 0.108000 0.033000 0.070000 0.042000
1 0.713500 0.749000 0.055000 0.038000
1 0.117500 0.217500 0.055000 0.053000
1 0.579000 0.981500 0.058000 0.035000
1 0.671000 0.598000 0.050000 0.034000
1 0.871500 0.627500 0.075000 0.081000
1 0.974000 0.093500 0.050000 0.067000
1 0.746000 0.530500 0.046000 0.045000
1 0.789500 0.437500 0.049000 0.043000
1 0.120000 0.530000 0.050000 0.048000
1 0.289000 0.284000 0.064000 0.068000
1 0.890500 0.948000 0.079000 0.078000
1 0.306000 0.078000 0.072000 0.068000
1 0.882500 0.212500 0.065000 0.055000
1 0.130500 0.981500 0.049000 0.035000
1 0.387000 0.060500 0.066000 0.059000
1 0.769500 0.233000 0.057000 0.050000
1 0.509000 0.883000 0.076000 0.058000
1 0.220000 0.974000 0.062000 0.050000
1 0.946500 0.540000 0.081000 0.078000
1 0.121500 0.942000 0.043000 0.060000
1 0.544000 0.153500 0.054000 0.039000
1 0.275500 0.112500 0.083000 0.053000
1 0.687500 0.460000 0.085000 0.094000
1 0.219000 0.687000 0.054000 0.040000
1 0.483500 0.715000 0.063000 0.054000
1 0.511500 0.655500 0.047000 0.049000
1 0.157000 0.762000 0.074000 0.088000
1 0.029000 0.823000 0.058000 0.082000
1 0.083000 0.824000 0.052000 0.058000
1 0.329000 0.906500 0.042000 0.057000
1 0.689000 0.177500 0.054000 0.055000
1 0.828000 0.524000 0.066000 0.072000
1 0.085000 0.321500 0.070000 0.059000
1 0.601000 0.265000 0.048000 0.046000
1 0.065000 0.369500 0.074000 0.061000
1 0.586000 0.747000 0.038000 0.050000
1 0.625000 0.186000 0.040000 0.050000
1 0.233500 0.760000 0.073000 0.104000
1 0.471500 0.513000 0.059000 0.062000
1 0.239500 0.928500 0.053000 0.059000
1 0.803500 0.695500 0.061000 0.083000
1 0.609500 0.470500 0.043000 0.051000
1 0.960000 0.469500 0.050000 0.059000
1 0.469500 0.799000 0.053000 0.038000
1 0.202000 0.266500 0.062000 0.059000
1 0.037500 0.292500 0.047000 0.053000
1 0.721500 0.977000 0.069000 0.044000
1 0.085000 0.077000 0.056000 0.066000