1 0.616000 0.322500 0.050000 0.037000
1 0.766500 0.442000 0.059000 0.062000
1 0.146000 0.551000 0.048000 0.048000
1 0.898000 0.302500 0.044000 0.061000
1 0.410000 0.155500 0.044000 0.051000
1 0.110500 0.620000 0.041000 0.044000
1 0.322000 0.477000 0.050000 0.052000
1 0.630500 0.256500 0.047000 0.049000
1 0.284500 0.306500 0.041000 0.043000
1 0.366500 0.051500 0.035000 0.051000
1 0.771500 0.552000 0.045000 0.046000
1 0.725000 0.134500 0.040000 0.057000
1 0.878000 0.070500 0.046000 0.045000
1 0.879500 0.653000 0.043000 0.046000
1 0.725500 0.056000 0.039000 0.058000