1 0.542000 0.091500 0.058000 0.045000
1 0.275000 0.077000 0.092000 0.038000
1 0.163000 0.688000 0.096000 0.084000
1 0.683500 0.523500 0.145000 0.151000
1 0.184500 0.023500 0.053000 0.033000
1 0.621500 0.640000 0.125000 0.082000
1 0.267000 0.862000 0.236000 0.178000
1 0.778000 0.964500 0.086000 0.069000
1 0.175500 0.304500 0.091000 0.091000
1 0.034000 0.075500 0.058000 0.061000
1 0.763000 0.387500 0.052000 0.039000
1 0.569000 0.547500 0.092000 0.063000
1 0.346500 0.025000 0.059000 0.050000
1 0.415000 0.676000 0.126000 0.070000
1 0.263000 0.024000 0.068000 0.048000
1 0.737500 0.155500 0.063000 0.067000
1 0.557000 0.490000 0.108000 0.046000
1 0.269500 0.665500 0.111000 0.085000
1 0.105000 0.078000 0.088000 0.056000
1 0.381500 0.229000 0.161000 0.134000
1 0.585000 0.156000 0.188000 0.104000
1 0.728000 0.102500 0.062000 0.045000