1 0.093000 0.473000 0.080000 0.090000
1 0.317500 0.489500 0.099000 0.117000
1 0.951500 0.268500 0.065000 0.057000
1 0.265500 0.638500 0.067000 0.043000
1 0.972500 0.468000 0.053000 0.108000
1 0.526000 0.955500 0.052000 0.061000
1 0.623500 0.207000 0.057000 0.062000
1 0.103500 0.912500 0.029000 0.037000
1 0.389000 0.250500 0.074000 0.081000
1 0.027000 0.980500 0.054000 0.037000
1 0.931000 0.050000 0.050000 0.042000
1 0.533500 0.526500 0.057000 0.069000
1 0.538500 0.252000 0.061000 0.058000
1 0.563500 0.120500 0.053000 0.047000
1 0.566500 0.188500 0.065000 0.067000
1 0.585500 0.380000 0.055000 0.042000
1 0.167000 0.309000 0.086000 0.082000
1 0.646000 0.628500 0.104000 0.085000
1 0.359000 0.680000 0.054000 0.064000
1 0.846500 0.283500 0.075000 0.063000
1 0.452500 0.417500 0.077000 0.089000
1 0.482500 0.779500 0.047000 0.063000
1 0.739500 0.016000 0.073000 0.032000
1 0.738000 0.469500 0.052000 0.041000
1 0.328500 0.070500 0.063000 0.093000
1 0.798500 0.169500 0.075000 0.073000
1 0.208500 0.955500 0.037000 0.067000
1 0.073500 0.643000 0.051000 0.076000
1 0.613500 0.541500 0.061000 0.053000
1 0.825000 0.586500 0.074000 0.085000
1 0.570500 0.442000 0.057000 0.074000
1 0.251000 0.176500 0.110000 0.113000
1 0.679500 0.571000 0.061000 0.042000
1 0.709500 0.316500 0.069000 0.059000
1 0.623000 0.098500 0.054000 0.063000
1 0.482500 0.327500 0.087000 0.079000
1 0.091500 0.870500 0.041000 0.037000
1 0.767000 0.245500 0.080000 0.071000
1 0.635500 0.281000 0.065000 0.064000
1 0.728500 0.627500 0.053000 0.073000
1 0.130000 0.677000 0.074000 0.068000
1 0.897000 0.201000 0.094000 0.066000
1 0.110500 0.758000 0.117000 0.094000
1 0.723000 0.502500 0.064000 0.057000
1 0.979500 0.909000 0.039000 0.076000
1 0.714500 0.160000 0.067000 0.080000
1 0.372000 0.923500 0.052000 0.055000