1 0.864000 0.854000 0.072000 0.080000
1 0.337000 0.231000 0.094000 0.082000
1 0.040000 0.328000 0.068000 0.064000
1 0.031000 0.920000 0.062000 0.100000
1 0.299000 0.910000 0.130000 0.116000
1 0.261000 0.119000 0.102000 0.114000
1 0.834000 0.674000 0.052000 0.056000
1 0.870000 0.779000 0.076000 0.082000
1 0.195000 0.378000 0.070000 0.072000
1 0.561000 0.622000 0.102000 0.080000
1 0.029000 0.584000 0.058000 0.100000
1 0.953000 0.501000 0.078000 0.074000
1 0.169000 0.296000 0.062000 0.056000
1 0.167000 0.032000 0.126000 0.064000
1 0.890000 0.440000 0.096000 0.096000
1 0.089000 0.178000 0.082000 0.080000