1 0.740000 0.286000 0.092000 0.044000
1 0.543500 0.384500 0.049000 0.037000
1 0.334000 0.143000 0.038000 0.038000
1 0.940500 0.760000 0.061000 0.068000
1 0.566500 0.417500 0.023000 0.037000
1 0.194000 0.467500 0.104000 0.075000
1 0.636000 0.506000 0.054000 0.048000
1 0.825000 0.102500 0.054000 0.047000
1 0.460000 0.179000 0.052000 0.044000
1 0.551000 0.294500 0.048000 0.027000
1 0.432000 0.569500 0.044000 0.019000
1 0.421000 0.250500 0.034000 0.033000
1 0.558000 0.801500 0.052000 0.037000
1 0.635500 0.380000 0.051000 0.048000
1 0.469500 0.093500 0.021000 0.043000
1 0.512500 0.053000 0.047000 0.036000
1 0.199500 0.814000 0.041000 0.048000
1 0.039500 0.928500 0.035000 0.031000
1 0.806000 0.749500 0.026000 0.081000
1 0.947000 0.022500 0.080000 0.045000
1 0.201500 0.032500 0.039000 0.043000
1 0.687000 0.897500 0.044000 0.027000
1 0.481500 0.328500 0.041000 0.025000
1 0.310000 0.287500 0.042000 0.065000
1 0.635500 0.777500 0.071000 0.049000
1 0.317500 0.211000 0.055000 0.080000
1 0.280000 0.977000 0.062000 0.042000
1 0.895500 0.458500 0.057000 0.041000
1 0.782000 0.430500 0.048000 0.053000
1 0.518000 0.170000 0.050000 0.048000
1 0.133000 0.793500 0.056000 0.037000
1 0.876500 0.397000 0.077000 0.060000
1 0.543500 0.947500 0.025000 0.045000
1 0.809000 0.215500 0.036000 0.049000
1 0.541500 0.328500 0.063000 0.023000
1 0.125000 0.851000 0.040000 0.064000
1 0.348500 0.097000 0.041000 0.040000
1 0.424000 0.308000 0.052000 0.038000
1 0.370500 0.293000 0.027000 0.088000
1 0.761500 0.942500 0.059000 0.055000
1 0.174500 0.647000 0.031000 0.026000
1 0.474500 0.972500 0.039000 0.029000
1 0.172500 0.213000 0.055000 0.042000
1 0.620500 0.577000 0.051000 0.054000
1 0.614000 0.292000 0.056000 0.040000
1 0.168500 0.311500 0.041000 0.051000
1 0.756500 0.530000 0.065000 0.074000
1 0.617000 0.158000 0.034000 0.026000
1 0.176500 0.149500 0.069000 0.031000
1 0.312000 0.099000 0.040000 0.036000
1 0.898500 0.660500 0.049000 0.027000
1 0.671000 0.152500 0.056000 0.053000
1 0.582000 0.930000 0.090000 0.064000
1 0.192000 0.391000 0.072000 0.056000
1 0.552000 0.625000 0.040000 0.050000
1 0.373500 0.824500 0.047000 0.039000
1 0.972500 0.611500 0.053000 0.053000
1 0.295000 0.564000 0.056000 0.098000
1 0.193000 0.755000 0.046000 0.026000
1 0.835500 0.746500 0.033000 0.077000
1 0.247000 0.274500 0.042000 0.047000
1 0.330000 0.037000 0.046000 0.044000
1 0.903500 0.554000 0.043000 0.032000
1 0.764000 0.771000 0.052000 0.032000