1 0.619000 0.548000 0.078000 0.070000
1 0.826000 0.718000 0.076000 0.078000
1 0.684500 0.434000 0.059000 0.078000
1 0.329000 0.798000 0.054000 0.048000
1 0.757500 0.948000 0.071000 0.072000
1 0.840000 0.635500 0.040000 0.043000
1 0.422000 0.653000 0.070000 0.062000
1 0.950000 0.182500 0.082000 0.087000
1 0.016500 0.144000 0.033000 0.084000
1 0.568000 0.459000 0.126000 0.102000
1 0.787000 0.795000 0.078000 0.056000
1 0.916500 0.582000 0.063000 0.064000
1 0.076500 0.390500 0.091000 0.091000
1 0.667000 0.682000 0.058000 0.066000
1 0.396000 0.715500 0.072000 0.083000
1 0.830000 0.098500 0.088000 0.107000
1 0.977500 0.033000 0.043000 0.066000
1 0.442000 0.953500 0.088000 0.059000
1 0.966000 0.462000 0.066000 0.064000
1 0.612500 0.814500 0.067000 0.053000
1 0.601000 0.959500 0.058000 0.049000
1 0.667500 0.350000 0.117000 0.128000
1 0.299000 0.940500 0.108000 0.107000
1 0.665000 0.264500 0.134000 0.099000
1 0.953500 0.773500 0.091000 0.103000
1 0.494500 0.520500 0.057000 0.053000
1 0.682500 0.814000 0.077000 0.066000
1 0.598500 0.410000 0.133000 0.094000
1 0.720500 0.611000 0.077000 0.088000
1 0.748500 0.673000 0.059000 0.052000
1 0.828500 0.825000 0.033000 0.044000
1 0.321000 0.840500 0.064000 0.063000
1 0.160000 0.439000 0.048000 0.064000