1 0.537000 0.176000 0.074000 0.070000
1 0.551000 0.915500 0.072000 0.061000
1 0.815000 0.612500 0.068000 0.083000
1 0.237500 0.297500 0.069000 0.055000
1 0.668000 0.379500 0.060000 0.065000
1 0.384000 0.418000 0.048000 0.046000
1 0.076500 0.064000 0.075000 0.074000
1 0.443000 0.504000 0.058000 0.056000
1 0.888500 0.284500 0.073000 0.061000
1 0.157000 0.255500 0.036000 0.035000
1 0.598500 0.962000 0.055000 0.058000
1 0.321000 0.064500 0.040000 0.041000
1 0.580000 0.230000 0.090000 0.102000
1 0.636000 0.093500 0.064000 0.059000
1 0.312500 0.372500 0.085000 0.087000
1 0.469500 0.630000 0.059000 0.064000
1 0.894000 0.586500 0.084000 0.073000
1 0.696000 0.963000 0.098000 0.072000