1 0.864500 0.430500 0.071000 0.059000
1 0.518000 0.945500 0.044000 0.053000
1 0.642500 0.419000 0.067000 0.048000
1 0.398000 0.374000 0.044000 0.032000
1 0.395000 0.424500 0.080000 0.049000
1 0.804500 0.145000 0.053000 0.046000
1 0.300000 0.735000 0.056000 0.050000
1 0.889000 0.034000 0.056000 0.064000
1 0.318500 0.336000 0.077000 0.048000
1 0.689000 0.123500 0.070000 0.061000
1 0.487500 0.771000 0.063000 0.040000
1 0.566000 0.074000 0.048000 0.054000
1 0.092000 0.598000 0.072000 0.064000
1 0.393500 0.848500 0.057000 0.047000
1 0.449000 0.613500 0.070000 0.051000