1 0.953000 0.053000 0.090000 0.098000
1 0.782000 0.027000 0.064000 0.054000
1 0.402000 0.131000 0.100000 0.078000
1 0.123000 0.955000 0.062000 0.050000
1 0.148000 0.355000 0.116000 0.214000
1 0.862000 0.136000 0.044000 0.076000
1 0.818000 0.523000 0.128000 0.086000
1 0.949000 0.546000 0.074000 0.088000
1 0.602000 0.179000 0.056000 0.058000
1 0.028000 0.886000 0.056000 0.084000
1 0.950000 0.393000 0.092000 0.110000
1 0.806000 0.347000 0.176000 0.114000
1 0.062000 0.365000 0.064000 0.174000
1 0.460000 0.017000 0.076000 0.030000
1 0.901000 0.159000 0.090000 0.086000
1 0.150000 0.855000 0.064000 0.050000
1 0.647000 0.089000 0.078000 0.054000
1 0.792000 0.154000 0.084000 0.064000
1 0.812000 0.102000 0.048000 0.056000
1 0.777000 0.221000 0.074000 0.094000
1 0.533000 0.462000 0.226000 0.280000
1 0.730000 0.087000 0.080000 0.062000