1 0.033500 0.415500 0.051000 0.061000
1 0.896000 0.899500 0.024000 0.041000
1 0.109000 0.872500 0.032000 0.047000
1 0.664000 0.971000 0.028000 0.040000
1 0.356500 0.908500 0.057000 0.043000
1 0.189500 0.261500 0.059000 0.065000
2 0.653000 0.541000 0.034000 0.040000
1 0.658500 0.781000 0.045000 0.056000
2 0.721500 0.915000 0.039000 0.030000
2 0.134500 0.564500 0.045000 0.051000
2 0.238500 0.073000 0.041000 0.036000
1 0.092000 0.017000 0.056000 0.034000
1 0.324500 0.018500 0.051000 0.037000
1 0.037500 0.087000 0.059000 0.048000