1 0.829000 0.575000 0.066000 0.078000
1 0.043000 0.052000 0.062000 0.056000
1 0.981000 0.502000 0.034000 0.056000
1 0.772000 0.729000 0.068000 0.078000
1 0.538000 0.643000 0.084000 0.090000
2 0.622000 0.299000 0.052000 0.074000
1 0.714000 0.539000 0.064000 0.066000
1 0.529000 0.399000 0.074000 0.066000
1 0.170000 0.066000 0.076000 0.064000
2 0.805000 0.654000 0.066000 0.056000
1 0.071000 0.407000 0.082000 0.090000
2 0.495000 0.273000 0.058000 0.062000
1 0.567000 0.207000 0.066000 0.086000
1 0.916000 0.638000 0.068000 0.072000
1 0.639000 0.419000 0.074000 0.078000
1 0.547000 0.089000 0.066000 0.082000
1 0.689000 0.663000 0.058000 0.070000
1 0.086000 0.747000 0.104000 0.114000
1 0.671000 0.732000 0.058000 0.068000
1 0.434000 0.455000 0.060000 0.066000
1 0.672000 0.338000 0.052000 0.036000
1 0.754000 0.475000 0.072000 0.066000
1 0.453000 0.546000 0.066000 0.088000
2 0.919000 0.540000 0.066000 0.060000
1 0.028000 0.504000 0.056000 0.080000