1 0.058000 0.705000 0.084000 0.074000
1 0.870000 0.260000 0.068000 0.056000
1 0.281000 0.032000 0.070000 0.064000
1 0.051000 0.165000 0.078000 0.134000
1 0.348000 0.189000 0.048000 0.070000
1 0.892000 0.040000 0.088000 0.068000
1 0.661000 0.548000 0.110000 0.092000
1 0.371000 0.963000 0.082000 0.070000
1 0.841000 0.949000 0.114000 0.086000
1 0.908000 0.435000 0.072000 0.078000
1 0.693000 0.817000 0.054000 0.074000
1 0.667000 0.054000 0.118000 0.108000
1 0.873000 0.575000 0.070000 0.082000
1 0.398000 0.424000 0.084000 0.096000