1 0.191000 0.670500 0.078000 0.091000
1 0.981500 0.702000 0.035000 0.048000
1 0.585500 0.571000 0.069000 0.056000
1 0.464500 0.874000 0.059000 0.054000
1 0.342500 0.867500 0.079000 0.085000
1 0.457000 0.350000 0.054000 0.042000
2 0.861500 0.354500 0.041000 0.051000
1 0.843500 0.074500 0.073000 0.063000
1 0.725500 0.231000 0.045000 0.046000
1 0.279000 0.254500 0.034000 0.041000
1 0.364500 0.603500 0.045000 0.043000
1 0.018500 0.119500 0.037000 0.049000
1 0.764000 0.558500 0.054000 0.047000
1 0.745500 0.937500 0.075000 0.053000
1 0.839000 0.798500 0.048000 0.059000
1 0.375000 0.538500 0.046000 0.045000
1 0.368500 0.251000 0.187000 0.310000
1 0.020000 0.181000 0.040000 0.048000
1 0.685000 0.356500 0.050000 0.055000
1 0.044000 0.937500 0.088000 0.091000
1 0.112000 0.846000 0.060000 0.066000
1 0.983000 0.253000 0.032000 0.038000
1 0.907000 0.495500 0.062000 0.071000
1 0.270500 0.290000 0.045000 0.034000
1 0.608000 0.855500 0.068000 0.065000
1 0.689000 0.501000 0.038000 0.072000
1 0.907500 0.080000 0.055000 0.058000
1 0.263000 0.726500 0.114000 0.053000
1 0.765500 0.506000 0.061000 0.050000
1 0.764500 0.807000 0.049000 0.074000
1 0.883500 0.284500 0.057000 0.083000
1 0.911000 0.376500 0.054000 0.039000
1 0.392500 0.729500 0.075000 0.063000
1 0.069000 0.284500 0.060000 0.051000
1 0.072500 0.214500 0.061000 0.051000