1 0.134500 0.027500 0.071000 0.055000
1 0.892500 0.601000 0.087000 0.074000
1 0.911500 0.038500 0.069000 0.057000
1 0.430000 0.070500 0.076000 0.061000
1 0.447500 0.667500 0.077000 0.059000
1 0.285500 0.791500 0.065000 0.069000
1 0.251500 0.148000 0.083000 0.068000
1 0.374000 0.634500 0.042000 0.045000
1 0.220000 0.042000 0.052000 0.040000
1 0.572000 0.694500 0.074000 0.059000
1 0.702000 0.365000 0.064000 0.046000
1 0.487500 0.567500 0.063000 0.055000
1 0.693000 0.831500 0.094000 0.085000
1 0.189500 0.872500 0.063000 0.071000
1 0.541000 0.281500 0.060000 0.057000
1 0.538000 0.097000 0.066000 0.052000
1 0.485000 0.629000 0.052000 0.056000
1 0.158500 0.366500 0.071000 0.053000
1 0.929500 0.785000 0.059000 0.064000
1 0.926500 0.312500 0.045000 0.063000
1 0.111500 0.513000 0.053000 0.044000
1 0.419500 0.820500 0.079000 0.081000
1 0.152000 0.966500 0.064000 0.061000
1 0.196000 0.753500 0.076000 0.075000
1 0.490500 0.881500 0.077000 0.065000
1 0.800000 0.940500 0.082000 0.075000
1 0.312000 0.024000 0.058000 0.048000
1 0.954500 0.257000 0.045000 0.026000