1 0.453500 0.494000 0.043000 0.058000
1 0.781500 0.651500 0.083000 0.085000
1 0.041000 0.829000 0.046000 0.056000
1 0.760500 0.363500 0.057000 0.053000
1 0.371000 0.645000 0.074000 0.078000
1 0.884500 0.256000 0.071000 0.102000
1 0.467500 0.173500 0.069000 0.069000
1 0.862500 0.815000 0.051000 0.060000
1 0.949000 0.769000 0.060000 0.070000
1 0.063500 0.104500 0.049000 0.091000
1 0.018500 0.121500 0.037000 0.067000
1 0.843000 0.344000 0.066000 0.058000
1 0.133000 0.205000 0.042000 0.054000
1 0.348500 0.760000 0.079000 0.072000
1 0.141000 0.325000 0.058000 0.072000
1 0.834000 0.481000 0.092000 0.070000
1 0.124000 0.141000 0.082000 0.064000
1 0.408500 0.955000 0.079000 0.088000
1 0.102000 0.761500 0.050000 0.055000
1 0.333000 0.287000 0.048000 0.068000
1 0.650500 0.787000 0.061000 0.060000
1 0.257000 0.140000 0.046000 0.062000
1 0.842500 0.098500 0.051000 0.059000
1 0.094500 0.483000 0.039000 0.054000
1 0.471000 0.669500 0.062000 0.071000
1 0.971500 0.141500 0.055000 0.049000
1 0.016000 0.358500 0.032000 0.075000
1 0.170000 0.417000 0.056000 0.070000
1 0.789000 0.022500 0.056000 0.045000
1 0.546500 0.335000 0.061000 0.076000
1 0.195500 0.853500 0.045000 0.035000
1 0.767000 0.273500 0.086000 0.067000
1 0.144500 0.974000 0.051000 0.034000
1 0.239500 0.753000 0.083000 0.080000
1 0.514500 0.420500 0.049000 0.039000
1 0.365000 0.223000 0.046000 0.050000
1 0.264000 0.600500 0.096000 0.075000
1 0.258000 0.258000 0.088000 0.088000
1 0.095500 0.962000 0.037000 0.054000
1 0.102000 0.680000 0.066000 0.050000
1 0.620000 0.853000 0.048000 0.048000
1 0.695000 0.947500 0.064000 0.051000
1 0.408500 0.844500 0.063000 0.071000
1 0.562000 0.705000 0.066000 0.080000
1 0.584000 0.021500 0.056000 0.043000