1 0.942000 0.607000 0.072000 0.046000
1 0.825000 0.401000 0.106000 0.082000
1 0.275000 0.622000 0.070000 0.044000
1 0.366000 0.302000 0.072000 0.080000
1 0.309000 0.844000 0.082000 0.080000
1 0.483000 0.359000 0.138000 0.106000
1 0.950000 0.721000 0.096000 0.178000
2 0.785000 0.874000 0.050000 0.044000
1 0.857000 0.247000 0.066000 0.066000
1 0.460000 0.234000 0.088000 0.092000
1 0.240000 0.980000 0.072000 0.036000
2 0.130000 0.745000 0.060000 0.054000
1 0.939000 0.474000 0.066000 0.092000
1 0.031000 0.474000 0.062000 0.068000
1 0.721000 0.455000 0.070000 0.066000
1 0.865000 0.812000 0.066000 0.080000
1 0.525000 0.877000 0.078000 0.050000
1 0.536000 0.285000 0.092000 0.082000
1 0.807000 0.646000 0.074000 0.064000
1 0.727000 0.046000 0.066000 0.060000
1 0.154000 0.625000 0.080000 0.058000
1 0.866000 0.935000 0.072000 0.062000
1 0.855000 0.731000 0.058000 0.054000
1 0.320000 0.406000 0.112000 0.092000
1 0.973000 0.968000 0.046000 0.052000
1 0.321000 0.654000 0.046000 0.048000