1 0.985000 0.974500 0.028000 0.041000
1 0.483500 0.731000 0.047000 0.046000
1 0.062500 0.411500 0.051000 0.047000
1 0.244500 0.535000 0.061000 0.064000
1 0.347000 0.358500 0.074000 0.051000
1 0.592000 0.096000 0.056000 0.070000
1 0.158000 0.519500 0.046000 0.057000
1 0.587500 0.454500 0.043000 0.053000
1 0.688000 0.851000 0.060000 0.068000
1 0.363500 0.807000 0.069000 0.068000
1 0.634500 0.480500 0.029000 0.043000
1 0.564000 0.545500 0.048000 0.043000
1 0.889500 0.258500 0.043000 0.059000
1 0.549000 0.673500 0.046000 0.069000
1 0.465000 0.271500 0.058000 0.067000
1 0.363000 0.775000 0.038000 0.036000
1 0.322000 0.293000 0.026000 0.040000
2 0.491000 0.156500 0.056000 0.059000
1 0.841500 0.903500 0.065000 0.065000
1 0.124500 0.443000 0.051000 0.042000
1 0.217500 0.374500 0.051000 0.035000
1 0.140000 0.960000 0.034000 0.036000
1 0.376500 0.661500 0.081000 0.077000
1 0.221000 0.587000 0.058000 0.056000
1 0.062500 0.177000 0.059000 0.042000
1 0.414000 0.734500 0.052000 0.059000
1 0.362000 0.196000 0.062000 0.076000
1 0.608500 0.770000 0.067000 0.064000
1 0.050500 0.649000 0.101000 0.096000
1 0.145000 0.853500 0.056000 0.061000
1 0.730500 0.135000 0.057000 0.054000
1 0.931500 0.957000 0.051000 0.060000
1 0.224500 0.745000 0.059000 0.064000
1 0.669500 0.910000 0.039000 0.040000
1 0.511500 0.077000 0.063000 0.060000
1 0.607000 0.923500 0.054000 0.061000
1 0.147500 0.389500 0.045000 0.043000
1 0.022500 0.401500 0.041000 0.051000
1 0.840500 0.254000 0.035000 0.042000
1 0.096500 0.463000 0.029000 0.034000
1 0.156500 0.650000 0.051000 0.056000
1 0.491500 0.783500 0.063000 0.053000
1 0.530500 0.419500 0.051000 0.053000
1 0.686500 0.573500 0.063000 0.061000
1 0.380500 0.079000 0.057000 0.064000
1 0.608000 0.547000 0.036000 0.064000
1 0.868500 0.589500 0.059000 0.067000
1 0.281000 0.852500 0.072000 0.065000
1 0.284500 0.414500 0.057000 0.053000
1 0.870000 0.491000 0.052000 0.064000
1 0.561500 0.834500 0.053000 0.059000
1 0.707500 0.336500 0.043000 0.043000
1 0.361500 0.749500 0.035000 0.035000
1 0.359000 0.426000 0.066000 0.060000
1 0.160000 0.474500 0.060000 0.045000