2 0.963500 0.419500 0.071000 0.091000
2 0.944500 0.304500 0.109000 0.123000
1 0.106000 0.698500 0.192000 0.191000
2 0.537500 0.771500 0.171000 0.155000
2 0.273500 0.680000 0.125000 0.120000
2 0.657500 0.694500 0.123000 0.129000
2 0.246500 0.902500 0.173000 0.185000
2 0.943500 0.738500 0.111000 0.125000
2 0.951000 0.577500 0.096000 0.123000
2 0.313500 0.537500 0.147000 0.139000
2 0.458000 0.225500 0.116000 0.111000
2 0.367000 0.760000 0.098000 0.120000
2 0.603000 0.947500 0.152000 0.103000
2 0.725500 0.497000 0.135000 0.134000
2 0.834000 0.792000 0.128000 0.126000
2 0.140500 0.426500 0.131000 0.147000
1 0.536000 0.367500 0.190000 0.201000
2 0.158000 0.585000 0.076000 0.068000
2 0.712500 0.851000 0.147000 0.152000