1 0.360000 0.326500 0.068000 0.079000
1 0.236500 0.893500 0.053000 0.031000
1 0.816000 0.826500 0.044000 0.059000
1 0.760500 0.206000 0.073000 0.066000
1 0.739000 0.335000 0.070000 0.148000
1 0.104500 0.418500 0.047000 0.067000
1 0.405000 0.146000 0.084000 0.054000
1 0.797500 0.674000 0.055000 0.082000
1 0.097500 0.047000 0.049000 0.040000
1 0.447000 0.098500 0.060000 0.077000
1 0.782000 0.471000 0.094000 0.080000
1 0.786500 0.913000 0.043000 0.062000
1 0.477000 0.290500 0.088000 0.069000
1 0.271500 0.613500 0.049000 0.043000
1 0.406500 0.792000 0.033000 0.034000
1 0.070000 0.881000 0.050000 0.038000
1 0.207000 0.376500 0.070000 0.065000
1 0.718500 0.868000 0.057000 0.056000
1 0.672000 0.881000 0.038000 0.030000
1 0.697500 0.797500 0.055000 0.041000
1 0.486500 0.965500 0.059000 0.051000
1 0.053500 0.485500 0.083000 0.063000
1 0.374500 0.438500 0.059000 0.097000
1 0.461000 0.572500 0.050000 0.069000
1 0.269000 0.691500 0.044000 0.035000
1 0.574000 0.955000 0.060000 0.076000
1 0.166500 0.897500 0.047000 0.039000
1 0.677500 0.967000 0.063000 0.064000
1 0.186000 0.715000 0.034000 0.046000
1 0.346500 0.637000 0.091000 0.118000
1 0.577000 0.880000 0.056000 0.052000
1 0.253500 0.297000 0.059000 0.052000
1 0.073500 0.942000 0.061000 0.050000
1 0.282000 0.402000 0.054000 0.080000
1 0.098500 0.351500 0.085000 0.055000
1 0.471500 0.707000 0.067000 0.076000
1 0.206000 0.517000 0.062000 0.058000
1 0.432000 0.206500 0.056000 0.065000
1 0.641500 0.836500 0.037000 0.077000
1 0.245000 0.723500 0.052000 0.069000
1 0.064500 0.732500 0.049000 0.039000
1 0.274000 0.517000 0.064000 0.072000
1 0.361000 0.266000 0.098000 0.056000
1 0.082500 0.635000 0.069000 0.052000