1 0.408500 0.954500 0.047000 0.037000
1 0.389000 0.228500 0.046000 0.035000
1 0.097000 0.819000 0.060000 0.044000
1 0.544000 0.464500 0.044000 0.023000
1 0.555500 0.074000 0.065000 0.048000
1 0.569000 0.233500 0.068000 0.095000
1 0.655000 0.527500 0.070000 0.055000
1 0.895000 0.653000 0.064000 0.056000
1 0.821500 0.148000 0.055000 0.072000
1 0.709000 0.357500 0.062000 0.053000
1 0.650500 0.480000 0.089000 0.024000
1 0.450500 0.245500 0.051000 0.039000
1 0.106000 0.320500 0.054000 0.043000
1 0.925000 0.106000 0.064000 0.054000
1 0.886000 0.499000 0.046000 0.032000
1 0.971500 0.715000 0.051000 0.046000
1 0.634500 0.240000 0.047000 0.044000
1 0.851500 0.429500 0.029000 0.053000
1 0.508500 0.244000 0.041000 0.082000
1 0.501500 0.967500 0.051000 0.037000
1 0.540500 0.502000 0.051000 0.042000
1 0.402000 0.345500 0.052000 0.039000
1 0.963500 0.293500 0.047000 0.047000
1 0.408000 0.580000 0.070000 0.048000
1 0.787000 0.359500 0.060000 0.041000
1 0.390500 0.385000 0.051000 0.032000