0 0.257500 0.558500 0.067000 0.059000
0 0.370000 0.733500 0.072000 0.051000
0 0.201500 0.664500 0.051000 0.051000
0 0.875500 0.554500 0.051000 0.061000
0 0.163000 0.349500 0.054000 0.047000
0 0.737500 0.871000 0.047000 0.064000
0 0.225000 0.208000 0.072000 0.058000
0 0.267500 0.332000 0.067000 0.056000
0 0.049500 0.594000 0.067000 0.056000
0 0.245500 0.386000 0.055000 0.036000
0 0.177500 0.521000 0.073000 0.058000
0 0.494500 0.723000 0.053000 0.068000
0 0.218500 0.437000 0.075000 0.062000
1 0.122500 0.969000 0.103000 0.060000
1 0.036000 0.852500 0.070000 0.103000
0 0.272000 0.099500 0.070000 0.055000
0 0.661000 0.694000 0.040000 0.048000
0 0.854000 0.279000 0.084000 0.072000
0 0.923000 0.449000 0.040000 0.064000
1 0.567500 0.210500 0.269000 0.211000
1 0.502000 0.185500 0.082000 0.083000
0 0.708000 0.592500 0.050000 0.057000
0 0.351500 0.134500 0.073000 0.051000
0 0.612500 0.802500 0.047000 0.063000
0 0.139500 0.400500 0.077000 0.055000
0 0.436500 0.061500 0.061000 0.053000
0 0.415500 0.628500 0.073000 0.059000
1 0.350500 0.864500 0.329000 0.175000
0 0.132000 0.629500 0.066000 0.061000
0 0.185500 0.297500 0.073000 0.055000
0 0.287500 0.702000 0.075000 0.064000
0 0.304000 0.245500 0.074000 0.065000
0 0.337000 0.594000 0.064000 0.050000
0 0.100500 0.488000 0.069000 0.056000