1 0.180500 0.023000 0.037000 0.046000
1 0.597000 0.220000 0.046000 0.050000
1 0.440500 0.662500 0.079000 0.085000
1 0.740500 0.787500 0.069000 0.067000
1 0.186000 0.971500 0.040000 0.055000
1 0.557500 0.695500 0.051000 0.051000
1 0.075000 0.816000 0.056000 0.040000
1 0.133000 0.425500 0.044000 0.067000
1 0.017500 0.911500 0.035000 0.047000
1 0.443000 0.093000 0.060000 0.054000
1 0.117500 0.713500 0.069000 0.049000
1 0.938000 0.327000 0.080000 0.088000
1 0.441500 0.369500 0.031000 0.049000
1 0.564500 0.864000 0.045000 0.056000
1 0.172000 0.627000 0.056000 0.056000
1 0.927500 0.160000 0.081000 0.044000
1 0.370500 0.519500 0.041000 0.109000
1 0.499500 0.523500 0.053000 0.055000
1 0.378500 0.895500 0.069000 0.053000
1 0.074500 0.069000 0.065000 0.054000
1 0.338500 0.074000 0.043000 0.038000
1 0.385500 0.348500 0.061000 0.055000
1 0.054000 0.263500 0.056000 0.043000
1 0.197500 0.805000 0.063000 0.040000
1 0.792500 0.636000 0.057000 0.060000
1 0.663500 0.016000 0.061000 0.032000
1 0.605500 0.359000 0.067000 0.052000
1 0.530500 0.260500 0.051000 0.051000
1 0.854500 0.614500 0.067000 0.063000
1 0.328500 0.491500 0.049000 0.053000
1 0.315000 0.539000 0.060000 0.048000
1 0.938000 0.713500 0.058000 0.053000
1 0.337500 0.592500 0.045000 0.059000
1 0.896500 0.220000 0.051000 0.062000
1 0.499500 0.140000 0.063000 0.044000
1 0.288000 0.691000 0.060000 0.072000
1 0.678000 0.925000 0.080000 0.070000
1 0.756000 0.884500 0.076000 0.049000
1 0.474000 0.927000 0.044000 0.038000
1 0.649500 0.221500 0.049000 0.047000
1 0.923000 0.081000 0.062000 0.072000
1 0.440500 0.491500 0.047000 0.053000
1 0.956500 0.872500 0.059000 0.067000
1 0.272000 0.242500 0.052000 0.027000
1 0.460500 0.061500 0.079000 0.035000
1 0.896500 0.889500 0.067000 0.065000
1 0.573000 0.963000 0.072000 0.072000
1 0.364000 0.702500 0.040000 0.063000
1 0.723000 0.648000 0.066000 0.044000
1 0.187500 0.423000 0.061000 0.066000
1 0.400500 0.259000 0.065000 0.070000
1 0.793500 0.105000 0.043000 0.052000
1 0.186000 0.858500 0.056000 0.067000
1 0.499500 0.195000 0.059000 0.058000
1 0.461500 0.844000 0.105000 0.138000
1 0.671000 0.822000 0.038000 0.046000
1 0.264000 0.273000 0.054000 0.040000
1 0.936500 0.521500 0.125000 0.171000
1 0.429500 0.545000 0.071000 0.042000
1 0.040000 0.290500 0.056000 0.049000
1 0.940500 0.200500 0.047000 0.037000
1 0.017500 0.811500 0.035000 0.027000
1 0.733500 0.123500 0.063000 0.061000
1 0.876000 0.741500 0.048000 0.063000
1 0.017500 0.846000 0.035000 0.036000
1 0.826000 0.893500 0.064000 0.051000
1 0.062000 0.433000 0.050000 0.058000