1 0.957000 0.157500 0.058000 0.043000
2 0.822500 0.607500 0.043000 0.029000
1 0.120000 0.358500 0.048000 0.043000
1 0.509500 0.041000 0.051000 0.034000
2 0.864000 0.113500 0.026000 0.023000
2 0.696500 0.112500 0.029000 0.021000
2 0.947500 0.427500 0.041000 0.031000
2 0.794000 0.185000 0.026000 0.026000
1 0.859000 0.761500 0.050000 0.043000
2 0.735000 0.680500 0.044000 0.035000
2 0.039000 0.462000 0.028000 0.024000
2 0.871500 0.593500 0.059000 0.037000
1 0.979500 0.760500 0.039000 0.035000
1 0.895500 0.364500 0.049000 0.055000
1 0.707500 0.279500 0.053000 0.043000
1 0.172000 0.054500 0.050000 0.039000
1 0.385500 0.016000 0.059000 0.032000
2 0.354500 0.370000 0.031000 0.024000
2 0.558000 0.205500 0.042000 0.031000
2 0.044000 0.052500 0.046000 0.037000
2 0.085000 0.231000 0.028000 0.024000
2 0.639500 0.350500 0.057000 0.045000
1 0.446500 0.417000 0.053000 0.048000
1 0.667000 0.414500 0.046000 0.037000