1 0.876500 0.046500 0.087000 0.089000
1 0.472500 0.492000 0.049000 0.054000
1 0.461000 0.248000 0.078000 0.090000
1 0.762500 0.939000 0.077000 0.078000
1 0.337500 0.078500 0.051000 0.057000
1 0.241500 0.215500 0.047000 0.053000
1 0.728000 0.162000 0.044000 0.054000
1 0.833000 0.183000 0.056000 0.062000
1 0.219000 0.378000 0.038000 0.046000
1 0.688000 0.301000 0.076000 0.072000
1 0.634000 0.728000 0.088000 0.088000
1 0.374000 0.975000 0.054000 0.048000
1 0.072500 0.692000 0.077000 0.058000
1 0.197000 0.553000 0.028000 0.056000
1 0.774000 0.176000 0.062000 0.096000
1 0.175500 0.705000 0.053000 0.054000
1 0.842000 0.966000 0.058000 0.066000
1 0.159500 0.061000 0.023000 0.058000
1 0.875500 0.521000 0.073000 0.090000
1 0.518500 0.907000 0.049000 0.046000
1 0.739500 0.616000 0.051000 0.052000