1 0.750000 0.386000 0.060000 0.068000
1 0.425000 0.285000 0.070000 0.070000
1 0.923000 0.595000 0.082000 0.086000
1 0.908000 0.167000 0.052000 0.042000
1 0.401000 0.076000 0.050000 0.060000
1 0.145000 0.335000 0.062000 0.042000
1 0.282000 0.437000 0.076000 0.062000
1 0.258000 0.242000 0.088000 0.064000
1 0.026000 0.198000 0.052000 0.064000
1 0.165000 0.878000 0.074000 0.088000
1 0.331000 0.064000 0.086000 0.088000
1 0.794000 0.953000 0.052000 0.050000
1 0.819000 0.260000 0.050000 0.072000
1 0.746000 0.958000 0.056000 0.060000
1 0.365000 0.165000 0.050000 0.054000
1 0.213000 0.026000 0.074000 0.052000
1 0.846000 0.175000 0.060000 0.082000
1 0.070000 0.921000 0.076000 0.062000
1 0.590000 0.478000 0.064000 0.072000
1 0.077000 0.144000 0.058000 0.056000
1 0.171000 0.462000 0.070000 0.060000
1 0.051000 0.316000 0.062000 0.072000
1 0.484000 0.168000 0.068000 0.068000
1 0.515000 0.984000 0.050000 0.028000
1 0.398000 0.413000 0.056000 0.062000
1 0.560000 0.851000 0.060000 0.062000
1 0.072000 0.208000 0.044000 0.064000
1 0.213000 0.971000 0.066000 0.054000
1 0.361000 0.760000 0.062000 0.068000
1 0.233000 0.289000 0.078000 0.058000
1 0.449000 0.733000 0.050000 0.046000
1 0.315000 0.639000 0.058000 0.050000
1 0.553000 0.134000 0.066000 0.072000
1 0.227000 0.172000 0.050000 0.056000
1 0.892000 0.393000 0.048000 0.062000
1 0.085000 0.376000 0.054000 0.060000
1 0.456000 0.664000 0.080000 0.072000
1 0.821000 0.794000 0.050000 0.064000
1 0.633000 0.697000 0.066000 0.070000
1 0.315000 0.160000 0.066000 0.068000
1 0.741000 0.719000 0.090000 0.106000
1 0.820000 0.576000 0.076000 0.100000
1 0.852000 0.451000 0.064000 0.066000
1 0.498000 0.242000 0.032000 0.044000
1 0.316000 0.833000 0.076000 0.074000
1 0.017000 0.300000 0.034000 0.072000
1 0.378000 0.674000 0.068000 0.056000
1 0.459000 0.216000 0.062000 0.060000
1 0.278000 0.145000 0.052000 0.082000
1 0.720000 0.289000 0.068000 0.074000
1 0.913000 0.079000 0.042000 0.054000
1 0.209000 0.356000 0.062000 0.048000
1 0.404000 0.356000 0.072000 0.064000
1 0.329000 0.372000 0.062000 0.056000
1 0.782000 0.322000 0.080000 0.076000
1 0.225000 0.924000 0.066000 0.052000
1 0.220000 0.419000 0.056000 0.074000
1 0.049000 0.971000 0.070000 0.042000
1 0.933000 0.469000 0.066000 0.070000
1 0.179000 0.095000 0.066000 0.070000
1 0.102000 0.530000 0.064000 0.076000
1 0.627000 0.197000 0.070000 0.054000
2 0.127000 0.076000 0.050000 0.052000
1 0.582000 0.176000 0.032000 0.040000
1 0.159000 0.161000 0.074000 0.066000
1 0.189000 0.812000 0.070000 0.068000
1 0.786000 0.146000 0.076000 0.096000
1 0.592000 0.901000 0.052000 0.066000
1 0.537000 0.033000 0.078000 0.066000
1 0.332000 0.299000 0.056000 0.058000
1 0.703000 0.975000 0.050000 0.046000
1 0.029000 0.469000 0.058000 0.046000
1 0.658000 0.623000 0.072000 0.070000
1 0.948000 0.388000 0.080000 0.104000
1 0.025000 0.914000 0.042000 0.048000
1 0.985000 0.497000 0.026000 0.082000
2 0.044000 0.019000 0.052000 0.038000
1 0.272000 0.320000 0.048000 0.048000
1 0.699000 0.336000 0.078000 0.056000
1 0.698000 0.856000 0.064000 0.072000
1 0.284000 0.702000 0.072000 0.060000
1 0.123000 0.734000 0.058000 0.064000
1 0.662000 0.398000 0.092000 0.076000
1 0.385000 0.561000 0.066000 0.078000
1 0.250000 0.758000 0.092000 0.088000