1 0.053500 0.474000 0.107000 0.136000
1 0.603500 0.119500 0.113000 0.133000
1 0.966000 0.678500 0.066000 0.079000
1 0.556000 0.562500 0.074000 0.105000
1 0.335000 0.403000 0.190000 0.070000
1 0.281500 0.496500 0.153000 0.101000
1 0.333500 0.907000 0.063000 0.104000
1 0.948500 0.459500 0.065000 0.139000
1 0.844000 0.665500 0.050000 0.071000
1 0.534500 0.933500 0.133000 0.131000
1 0.494500 0.823000 0.107000 0.070000
1 0.435000 0.133000 0.128000 0.086000
1 0.267000 0.640500 0.122000 0.083000
2 0.295000 0.209000 0.056000 0.066000