2 0.775000 0.718000 0.074000 0.076000
1 0.708000 0.945000 0.084000 0.082000
1 0.720000 0.978000 0.052000 0.040000
2 0.482000 0.337000 0.060000 0.074000
2 0.699000 0.770000 0.058000 0.056000
1 0.862000 0.187000 0.104000 0.098000
1 0.669000 0.869000 0.086000 0.094000
1 0.970000 0.480000 0.056000 0.104000
1 0.496000 0.946000 0.080000 0.080000
1 0.805000 0.217000 0.062000 0.066000
1 0.754000 0.163000 0.068000 0.058000
1 0.337000 0.887000 0.074000 0.082000
1 0.780000 0.948000 0.108000 0.100000
1 0.461000 0.843000 0.058000 0.066000
1 0.857000 0.832000 0.046000 0.048000