1 0.278000 0.214000 0.084000 0.088000
1 0.022000 0.724000 0.044000 0.084000
1 0.310000 0.033000 0.076000 0.066000
1 0.539000 0.723000 0.086000 0.090000
1 0.325000 0.915000 0.074000 0.070000
1 0.391000 0.639000 0.098000 0.094000
1 0.492000 0.373000 0.100000 0.078000
1 0.642000 0.199000 0.072000 0.074000
1 0.629000 0.617000 0.082000 0.074000
1 0.381000 0.962000 0.074000 0.072000
1 0.130000 0.110000 0.112000 0.132000
1 0.719000 0.418000 0.074000 0.076000
1 0.944000 0.729000 0.108000 0.190000
1 0.563000 0.137000 0.066000 0.074000
1 0.486000 0.539000 0.108000 0.102000