1 0.085000 0.418000 0.048000 0.046000
1 0.281000 0.392500 0.040000 0.037000
1 0.550500 0.545000 0.043000 0.036000
1 0.653500 0.593000 0.067000 0.074000
1 0.040500 0.210500 0.061000 0.047000
1 0.456000 0.590500 0.056000 0.043000
1 0.574000 0.260000 0.048000 0.046000
1 0.185000 0.736500 0.050000 0.035000
1 0.288000 0.029000 0.048000 0.054000
1 0.792500 0.265500 0.041000 0.045000
1 0.309000 0.104000 0.048000 0.048000
1 0.812500 0.713000 0.049000 0.042000
2 0.228000 0.118500 0.044000 0.035000
1 0.486500 0.524500 0.059000 0.051000
1 0.830500 0.483000 0.053000 0.048000
1 0.808500 0.765500 0.051000 0.057000
1 0.136500 0.315000 0.043000 0.048000
1 0.497000 0.088000 0.038000 0.054000
1 0.442000 0.362000 0.052000 0.056000
1 0.231000 0.049000 0.050000 0.052000
1 0.744000 0.229500 0.068000 0.069000
1 0.434000 0.180000 0.060000 0.044000
1 0.171500 0.429000 0.061000 0.046000
1 0.959500 0.357000 0.035000 0.032000
1 0.519500 0.374500 0.047000 0.059000
1 0.507500 0.815000 0.049000 0.052000
1 0.529000 0.240500 0.058000 0.049000
1 0.066500 0.484500 0.059000 0.051000
1 0.665500 0.133000 0.047000 0.058000
1 0.720000 0.645500 0.052000 0.041000
1 0.145000 0.206500 0.056000 0.041000
1 0.025500 0.427000 0.051000 0.074000
1 0.346000 0.347000 0.062000 0.058000
2 0.020500 0.135500 0.035000 0.033000
1 0.975000 0.402000 0.048000 0.056000
1 0.617000 0.637000 0.070000 0.066000
1 0.827000 0.632000 0.056000 0.056000
1 0.572500 0.591500 0.051000 0.041000
1 0.890500 0.311500 0.039000 0.035000
1 0.369500 0.493500 0.035000 0.035000
1 0.314500 0.920500 0.075000 0.067000
1 0.615500 0.063500 0.051000 0.049000
2 0.692000 0.054000 0.042000 0.046000
1 0.587500 0.024000 0.053000 0.048000
1 0.839000 0.296500 0.060000 0.047000
1 0.745500 0.732000 0.053000 0.048000
1 0.354000 0.294000 0.046000 0.048000
1 0.610500 0.567000 0.035000 0.040000
1 0.186500 0.093500 0.033000 0.053000
2 0.260500 0.107500 0.029000 0.039000
2 0.608000 0.330500 0.046000 0.043000
1 0.942000 0.234000 0.046000 0.040000
1 0.422000 0.505000 0.048000 0.048000
1 0.351500 0.255000 0.051000 0.040000
1 0.227000 0.353000 0.054000 0.048000
1 0.933000 0.388000 0.034000 0.036000
1 0.396500 0.418500 0.057000 0.045000
1 0.110500 0.098500 0.049000 0.031000
1 0.233000 0.445000 0.046000 0.050000
1 0.392000 0.573000 0.054000 0.036000
1 0.634500 0.280000 0.047000 0.058000
1 0.652500 0.203000 0.043000 0.058000
1 0.863500 0.813500 0.069000 0.057000
1 0.521000 0.164000 0.048000 0.052000
1 0.776000 0.680500 0.040000 0.035000
1 0.323000 0.478500 0.042000 0.043000
1 0.397500 0.347000 0.053000 0.044000
1 0.665000 0.654000 0.054000 0.056000
1 0.294000 0.336000 0.048000 0.054000
1 0.274500 0.462000 0.049000 0.044000
2 0.903500 0.420500 0.043000 0.039000