1 0.533000 0.593000 0.074000 0.038000
1 0.831000 0.420000 0.054000 0.048000
1 0.249000 0.695000 0.078000 0.054000
1 0.229000 0.965000 0.086000 0.066000
1 0.749000 0.263000 0.062000 0.050000
1 0.582000 0.904000 0.132000 0.104000
1 0.199000 0.289000 0.054000 0.074000
1 0.923000 0.252000 0.074000 0.056000
1 0.243000 0.589000 0.066000 0.050000
1 0.268000 0.785000 0.072000 0.070000
1 0.762000 0.946000 0.108000 0.048000
1 0.926000 0.573000 0.064000 0.078000
1 0.473000 0.665000 0.086000 0.110000
1 0.839000 0.042000 0.050000 0.068000
1 0.931000 0.429000 0.062000 0.082000
1 0.905000 0.688000 0.102000 0.108000
1 0.452000 0.293000 0.092000 0.090000
1 0.788000 0.178000 0.072000 0.072000
1 0.697000 0.498000 0.086000 0.108000
2 0.472000 0.077000 0.056000 0.062000