1 0.605500 0.734000 0.041000 0.072000
1 0.229500 0.204000 0.037000 0.050000
1 0.698500 0.209500 0.051000 0.057000
1 0.380500 0.086500 0.047000 0.055000
1 0.541000 0.836500 0.050000 0.053000
1 0.956000 0.705500 0.046000 0.049000
1 0.011500 0.510000 0.023000 0.044000
1 0.671000 0.721500 0.058000 0.047000
1 0.970500 0.418500 0.057000 0.051000
1 0.968500 0.793500 0.061000 0.079000
1 0.866500 0.260000 0.051000 0.050000
1 0.885000 0.686500 0.070000 0.079000
1 0.647000 0.397500 0.042000 0.059000
1 0.419000 0.621000 0.048000 0.056000
1 0.811500 0.360500 0.051000 0.043000
1 0.550000 0.729500 0.054000 0.059000
1 0.988000 0.523500 0.022000 0.095000
1 0.435500 0.056500 0.049000 0.061000
1 0.384500 0.818000 0.055000 0.038000
1 0.917000 0.453000 0.086000 0.072000
1 0.867500 0.766000 0.057000 0.062000
1 0.677000 0.978500 0.052000 0.041000
1 0.942500 0.328500 0.045000 0.043000
1 0.819000 0.421000 0.032000 0.034000
1 0.950500 0.540000 0.051000 0.074000
1 0.503000 0.427000 0.076000 0.044000
1 0.333000 0.552000 0.056000 0.050000
1 0.985000 0.712500 0.028000 0.075000
1 0.738500 0.082500 0.073000 0.079000
1 0.828000 0.087500 0.058000 0.043000
1 0.374000 0.035500 0.058000 0.047000
1 0.486500 0.988000 0.051000 0.022000
1 0.427000 0.169500 0.054000 0.045000
1 0.817000 0.281000 0.048000 0.062000
1 0.178500 0.265000 0.053000 0.072000
1 0.380000 0.606500 0.040000 0.059000
1 0.037000 0.226500 0.058000 0.049000
1 0.260000 0.579500 0.034000 0.075000
1 0.413500 0.261500 0.069000 0.065000
1 0.336500 0.240000 0.085000 0.054000
1 0.918000 0.965000 0.052000 0.048000
1 0.398500 0.700500 0.043000 0.037000
1 0.872000 0.573500 0.098000 0.061000
1 0.623000 0.853000 0.048000 0.038000
1 0.500500 0.793000 0.021000 0.038000
1 0.347500 0.187500 0.091000 0.051000
1 0.331000 0.696500 0.064000 0.051000
1 0.696500 0.309000 0.061000 0.088000
1 0.826000 0.761500 0.048000 0.071000
1 0.137000 0.928500 0.104000 0.087000
1 0.271000 0.215500 0.036000 0.053000
1 0.321000 0.744000 0.044000 0.034000
1 0.206000 0.646500 0.056000 0.049000
1 0.894000 0.518000 0.056000 0.064000
1 0.443000 0.825500 0.038000 0.033000
1 0.360500 0.975500 0.059000 0.043000
1 0.155500 0.077000 0.051000 0.052000
1 0.252000 0.784500 0.082000 0.089000
1 0.368500 0.148000 0.053000 0.052000