1 0.285000 0.306000 0.070000 0.062000
1 0.974000 0.143500 0.046000 0.033000
1 0.195500 0.310000 0.067000 0.054000
1 0.084500 0.641000 0.075000 0.064000
1 0.280000 0.436500 0.058000 0.039000
1 0.540000 0.661500 0.070000 0.061000
1 0.676500 0.264000 0.107000 0.070000
1 0.708000 0.535000 0.042000 0.056000
1 0.751500 0.294000 0.043000 0.042000
1 0.938000 0.186500 0.042000 0.047000
1 0.164500 0.221500 0.075000 0.069000
1 0.489500 0.300500 0.051000 0.039000
1 0.815500 0.916000 0.053000 0.040000
1 0.681500 0.882000 0.053000 0.054000
1 0.676000 0.040500 0.048000 0.067000
1 0.941500 0.037500 0.075000 0.059000
1 0.046500 0.736000 0.061000 0.084000
1 0.703000 0.454500 0.064000 0.053000
1 0.077000 0.068500 0.054000 0.075000
1 0.857000 0.048500 0.046000 0.061000
1 0.781500 0.156000 0.061000 0.082000
1 0.515500 0.525000 0.053000 0.040000
1 0.338000 0.814500 0.082000 0.099000
1 0.072500 0.891500 0.067000 0.045000
1 0.376500 0.227500 0.071000 0.051000
1 0.033000 0.371000 0.046000 0.048000
1 0.720000 0.220000 0.082000 0.060000
1 0.191000 0.415000 0.082000 0.078000