1 0.824500 0.101000 0.211000 0.172000
1 0.313500 0.386000 0.071000 0.056000
1 0.645500 0.661500 0.121000 0.077000
1 0.655000 0.240000 0.038000 0.054000
1 0.464000 0.933000 0.078000 0.086000
1 0.884500 0.267000 0.193000 0.176000
1 0.237500 0.357000 0.049000 0.078000
1 0.700000 0.782000 0.124000 0.082000
1 0.940500 0.974000 0.053000 0.050000
1 0.885500 0.697500 0.093000 0.087000
1 0.233000 0.208000 0.046000 0.044000
1 0.755500 0.898500 0.115000 0.075000
1 0.202500 0.786500 0.053000 0.045000
1 0.743000 0.310000 0.092000 0.080000