1 0.800500 0.723000 0.083000 0.084000
1 0.785500 0.882000 0.049000 0.048000
1 0.692000 0.490500 0.076000 0.077000
1 0.461000 0.577000 0.052000 0.030000
1 0.062000 0.433500 0.056000 0.045000
1 0.052000 0.573000 0.046000 0.040000
1 0.959500 0.047500 0.079000 0.095000
1 0.437000 0.106000 0.062000 0.058000
1 0.305500 0.315000 0.057000 0.052000
1 0.652000 0.748500 0.052000 0.059000
1 0.446000 0.331500 0.048000 0.043000
1 0.515000 0.899000 0.054000 0.056000
1 0.360500 0.915000 0.063000 0.056000
1 0.582500 0.929000 0.037000 0.042000