1 0.318000 0.792500 0.058000 0.055000
1 0.126500 0.192000 0.057000 0.042000
1 0.065000 0.266500 0.050000 0.049000
1 0.391000 0.381000 0.062000 0.040000
1 0.725000 0.083000 0.056000 0.048000
2 0.232500 0.167000 0.057000 0.040000
2 0.428000 0.549000 0.056000 0.046000
1 0.666500 0.113000 0.035000 0.036000
1 0.168000 0.163500 0.054000 0.045000
1 0.246500 0.393000 0.051000 0.038000
1 0.028000 0.973500 0.056000 0.051000
1 0.037000 0.829000 0.058000 0.048000
1 0.799500 0.062500 0.037000 0.039000
2 0.547000 0.132500 0.056000 0.051000
1 0.928500 0.069000 0.061000 0.042000
2 0.472500 0.292000 0.033000 0.034000
1 0.117500 0.888500 0.059000 0.079000
1 0.116000 0.554500 0.056000 0.061000