1 0.139000 0.603000 0.070000 0.062000
1 0.122000 0.742000 0.096000 0.084000
1 0.735000 0.934000 0.054000 0.060000
1 0.216000 0.403000 0.084000 0.074000
1 0.137000 0.372000 0.070000 0.064000
1 0.296000 0.907000 0.088000 0.066000
2 0.208000 0.530000 0.080000 0.072000
1 0.937000 0.904000 0.118000 0.104000
1 0.703000 0.874000 0.074000 0.084000
1 0.608000 0.851000 0.060000 0.058000
1 0.292000 0.603000 0.056000 0.058000
1 0.058000 0.543000 0.064000 0.062000
2 0.408000 0.758000 0.056000 0.056000
1 0.924000 0.967000 0.096000 0.062000