2 0.360000 0.883000 0.064000 0.054000
1 0.120000 0.840000 0.096000 0.092000
1 0.266000 0.967000 0.072000 0.054000
1 0.226000 0.361000 0.048000 0.058000
1 0.336000 0.766000 0.040000 0.032000
1 0.513000 0.916000 0.086000 0.068000
1 0.883000 0.037000 0.078000 0.074000
1 0.690000 0.084000 0.096000 0.076000
1 0.435000 0.420000 0.086000 0.056000
1 0.348000 0.359000 0.064000 0.054000
1 0.054000 0.502000 0.040000 0.056000
1 0.284000 0.355000 0.056000 0.050000
1 0.164000 0.973000 0.096000 0.050000
1 0.051000 0.607000 0.074000 0.062000
1 0.852000 0.156000 0.084000 0.084000
1 0.168000 0.605000 0.096000 0.102000
1 0.281000 0.577000 0.078000 0.074000
1 0.537000 0.408000 0.086000 0.064000
1 0.268000 0.824000 0.056000 0.048000
1 0.585000 0.522000 0.058000 0.080000
1 0.291000 0.505000 0.086000 0.058000
1 0.221000 0.776000 0.086000 0.056000
1 0.560000 0.648000 0.064000 0.060000
1 0.083000 0.394000 0.058000 0.056000
1 0.500000 0.278000 0.060000 0.056000
1 0.734000 0.350000 0.096000 0.076000
1 0.624000 0.785000 0.060000 0.098000