1 0.874000 0.530500 0.088000 0.195000
1 0.502000 0.061500 0.122000 0.059000
1 0.224500 0.640500 0.141000 0.119000
1 0.580500 0.480500 0.073000 0.059000
1 0.379000 0.138000 0.056000 0.126000
1 0.279000 0.116500 0.082000 0.199000
1 0.358000 0.812500 0.136000 0.129000
1 0.359000 0.552000 0.100000 0.156000
1 0.758000 0.466000 0.082000 0.046000
1 0.686000 0.157500 0.044000 0.053000
1 0.458500 0.138000 0.061000 0.118000
1 0.859000 0.129500 0.056000 0.067000
1 0.620500 0.068000 0.063000 0.064000
1 0.228000 0.879500 0.190000 0.239000
1 0.752000 0.076000 0.140000 0.100000