1 0.249000 0.299000 0.094000 0.078000
1 0.690000 0.863000 0.072000 0.102000
1 0.129000 0.079000 0.094000 0.078000
1 0.928000 0.819000 0.060000 0.050000
1 0.609000 0.252000 0.070000 0.064000
1 0.846000 0.690000 0.072000 0.116000
1 0.765000 0.704000 0.078000 0.084000
1 0.370000 0.977000 0.064000 0.042000
1 0.029000 0.654000 0.058000 0.076000
1 0.471000 0.981000 0.046000 0.034000
1 0.469000 0.288000 0.062000 0.076000
1 0.558000 0.791000 0.076000 0.062000
1 0.492000 0.511000 0.064000 0.094000
1 0.178000 0.785000 0.112000 0.070000
1 0.774000 0.774000 0.068000 0.048000
1 0.018000 0.956000 0.036000 0.084000
2 0.820000 0.966000 0.076000 0.064000