1 0.321000 0.364000 0.094000 0.072000
1 0.418000 0.975000 0.064000 0.046000
1 0.675000 0.721000 0.070000 0.070000
1 0.710000 0.430000 0.064000 0.064000
1 0.748000 0.962000 0.096000 0.072000
1 0.529000 0.663000 0.070000 0.078000
1 0.888000 0.678000 0.072000 0.080000
1 0.305000 0.149000 0.062000 0.046000
2 0.228000 0.593000 0.060000 0.058000
1 0.409000 0.482000 0.054000 0.064000
1 0.501000 0.070000 0.138000 0.124000
1 0.451000 0.861000 0.058000 0.062000
1 0.884000 0.942000 0.096000 0.084000
1 0.118000 0.381000 0.068000 0.058000
1 0.412000 0.332000 0.072000 0.072000
2 0.156000 0.658000 0.064000 0.056000
1 0.054000 0.082000 0.084000 0.076000
1 0.599000 0.243000 0.058000 0.054000
1 0.849000 0.048000 0.074000 0.076000
1 0.081000 0.694000 0.078000 0.092000
1 0.784000 0.674000 0.084000 0.104000