1 0.174000 0.275500 0.054000 0.075000
1 0.780500 0.337000 0.059000 0.060000
1 0.109000 0.171000 0.072000 0.082000
1 0.683500 0.461500 0.043000 0.053000
1 0.264000 0.170000 0.058000 0.064000
1 0.653000 0.644000 0.056000 0.044000
1 0.570500 0.369500 0.067000 0.051000
1 0.972500 0.944500 0.053000 0.045000
1 0.971500 0.867500 0.055000 0.057000
1 0.654500 0.705000 0.047000 0.054000
1 0.650500 0.764500 0.055000 0.047000
1 0.021500 0.456500 0.043000 0.053000
1 0.915000 0.374000 0.050000 0.070000
1 0.785500 0.550500 0.065000 0.053000
1 0.711000 0.352000 0.068000 0.050000
1 0.901500 0.104500 0.077000 0.083000
1 0.196500 0.347500 0.061000 0.059000
1 0.212000 0.846000 0.050000 0.052000
1 0.816500 0.248000 0.067000 0.086000
1 0.591500 0.468500 0.083000 0.061000
1 0.770000 0.035500 0.080000 0.071000
1 0.448500 0.269500 0.057000 0.041000
1 0.092000 0.370000 0.056000 0.066000
1 0.626500 0.871000 0.057000 0.054000
1 0.658500 0.299000 0.067000 0.058000
1 0.043000 0.560000 0.062000 0.050000
1 0.785000 0.402500 0.034000 0.061000
1 0.797500 0.117500 0.093000 0.069000