1 0.215000 0.943000 0.058000 0.054000
1 0.475000 0.933000 0.070000 0.062000
1 0.319000 0.977000 0.082000 0.042000
1 0.828000 0.919000 0.092000 0.070000
1 0.181000 0.195000 0.050000 0.046000
1 0.586000 0.539000 0.064000 0.086000
1 0.291000 0.649000 0.074000 0.066000
1 0.608000 0.658000 0.084000 0.068000
1 0.608000 0.912000 0.068000 0.072000
1 0.257000 0.577000 0.062000 0.054000
1 0.072000 0.570000 0.064000 0.088000
1 0.069000 0.797000 0.086000 0.070000
1 0.099000 0.948000 0.062000 0.048000
1 0.100000 0.190000 0.068000 0.056000
1 0.155000 0.804000 0.066000 0.064000
1 0.731000 0.937000 0.082000 0.070000