1 0.943000 0.879000 0.086000 0.078000
1 0.774000 0.756000 0.060000 0.060000
1 0.308000 0.717000 0.096000 0.078000
1 0.203000 0.946000 0.114000 0.100000
1 0.086000 0.083000 0.072000 0.070000
1 0.754000 0.681000 0.092000 0.086000
1 0.555000 0.856000 0.102000 0.104000
1 0.068000 0.210000 0.060000 0.064000
1 0.339000 0.031000 0.090000 0.034000
1 0.712000 0.403000 0.080000 0.074000
1 0.496000 0.484000 0.060000 0.056000
1 0.782000 0.533000 0.156000 0.122000
1 0.407000 0.900000 0.078000 0.080000
1 0.822000 0.715000 0.068000 0.082000
1 0.197000 0.698000 0.066000 0.080000
1 0.113000 0.727000 0.118000 0.094000
1 0.855000 0.916000 0.066000 0.068000
1 0.498000 0.943000 0.116000 0.098000
1 0.869000 0.657000 0.090000 0.070000
1 0.068000 0.876000 0.096000 0.084000
1 0.411000 0.788000 0.062000 0.080000
1 0.178000 0.829000 0.112000 0.106000
1 0.809000 0.923000 0.058000 0.106000
1 0.355000 0.197000 0.054000 0.054000