1 0.590500 0.495500 0.065000 0.105000
1 0.977500 0.109000 0.043000 0.076000
1 0.843500 0.081000 0.051000 0.072000
1 0.839000 0.853500 0.064000 0.051000
1 0.766000 0.378500 0.056000 0.067000
1 0.654500 0.916000 0.085000 0.064000
1 0.893000 0.961500 0.042000 0.059000
1 0.325000 0.246000 0.056000 0.064000
1 0.266500 0.903000 0.059000 0.070000
1 0.140000 0.127500 0.052000 0.059000
1 0.079500 0.535000 0.047000 0.040000
1 0.034500 0.706500 0.049000 0.035000
1 0.264500 0.281500 0.043000 0.073000
1 0.731000 0.069500 0.110000 0.085000
1 0.679000 0.209500 0.040000 0.053000
1 0.739500 0.481000 0.051000 0.070000
1 0.517000 0.022500 0.084000 0.045000
1 0.319000 0.308500 0.078000 0.045000
1 0.219000 0.552000 0.042000 0.050000
1 0.167500 0.049000 0.053000 0.068000
1 0.224500 0.619000 0.055000 0.034000
1 0.822000 0.908500 0.044000 0.039000
1 0.917000 0.432500 0.074000 0.053000
1 0.918000 0.504000 0.068000 0.056000
1 0.533000 0.780000 0.078000 0.074000
1 0.647500 0.708000 0.023000 0.050000
1 0.887000 0.154500 0.070000 0.045000
1 0.956000 0.261500 0.062000 0.049000
1 0.843000 0.575500 0.062000 0.045000
1 0.623500 0.089500 0.035000 0.065000
1 0.040500 0.039500 0.051000 0.043000
1 0.742000 0.601500 0.056000 0.065000
1 0.403000 0.367000 0.048000 0.050000
1 0.812000 0.975500 0.064000 0.047000
1 0.247000 0.146500 0.066000 0.097000
1 0.427500 0.056000 0.037000 0.054000
1 0.749500 0.967000 0.055000 0.064000
1 0.117500 0.232000 0.065000 0.086000
1 0.392500 0.514500 0.055000 0.067000
1 0.911000 0.089000 0.054000 0.084000
1 0.211500 0.768000 0.051000 0.056000