1 0.224000 0.443000 0.044000 0.042000
1 0.632000 0.612000 0.052000 0.044000
1 0.795500 0.894000 0.077000 0.062000
1 0.356500 0.711000 0.071000 0.058000
1 0.083000 0.740500 0.056000 0.065000
1 0.728000 0.706000 0.046000 0.048000
1 0.614500 0.722000 0.065000 0.054000
1 0.181000 0.814500 0.048000 0.037000
1 0.560000 0.098500 0.062000 0.069000
1 0.878500 0.565000 0.059000 0.044000
1 0.208000 0.477500 0.030000 0.031000
1 0.406500 0.447000 0.059000 0.056000
1 0.202500 0.707000 0.043000 0.046000
1 0.906500 0.018000 0.063000 0.036000
1 0.577000 0.621500 0.038000 0.045000
1 0.078500 0.456500 0.035000 0.053000
1 0.671500 0.397000 0.035000 0.040000
1 0.824000 0.142000 0.056000 0.062000
1 0.295500 0.290500 0.045000 0.059000
1 0.815000 0.534500 0.058000 0.049000
1 0.509000 0.593500 0.050000 0.053000
1 0.507500 0.350500 0.059000 0.035000
1 0.242500 0.979500 0.069000 0.039000
1 0.083500 0.628000 0.051000 0.058000
1 0.749500 0.115000 0.051000 0.054000
1 0.291000 0.449000 0.052000 0.038000
1 0.954500 0.606500 0.059000 0.065000
1 0.918000 0.148000 0.092000 0.098000
1 0.086500 0.519500 0.039000 0.057000
1 0.601000 0.447000 0.054000 0.046000
1 0.215500 0.023500 0.059000 0.047000
1 0.159000 0.360500 0.058000 0.045000
1 0.742000 0.528500 0.056000 0.059000
1 0.672000 0.111000 0.072000 0.062000
1 0.463000 0.057000 0.066000 0.062000
1 0.163500 0.640000 0.045000 0.050000
1 0.390000 0.975000 0.044000 0.048000
1 0.289000 0.027500 0.056000 0.055000
1 0.151500 0.013000 0.059000 0.026000
1 0.144000 0.514000 0.048000 0.040000
1 0.080500 0.845500 0.051000 0.067000