1 0.928000 0.709000 0.080000 0.102000
1 0.632000 0.864000 0.060000 0.072000
1 0.695000 0.977000 0.062000 0.042000
1 0.472000 0.821000 0.056000 0.066000
1 0.876000 0.834000 0.064000 0.068000
1 0.640000 0.715000 0.080000 0.090000
1 0.814000 0.687000 0.056000 0.062000
1 0.054000 0.558000 0.084000 0.064000
1 0.882000 0.296000 0.092000 0.100000
1 0.733000 0.708000 0.074000 0.064000
1 0.466000 0.482000 0.108000 0.168000
1 0.134000 0.485000 0.060000 0.062000
1 0.882000 0.958000 0.048000 0.080000
1 0.387000 0.207000 0.074000 0.078000
1 0.475000 0.957000 0.090000 0.082000