1 0.468000 0.714000 0.104000 0.044000
1 0.400000 0.123000 0.056000 0.050000
1 0.674000 0.224000 0.068000 0.064000
1 0.701000 0.367000 0.090000 0.098000
1 0.783000 0.550000 0.074000 0.068000
1 0.423000 0.284000 0.094000 0.088000
1 0.151000 0.275000 0.050000 0.058000
1 0.375000 0.472000 0.082000 0.076000
1 0.066000 0.117000 0.128000 0.106000
1 0.144000 0.673000 0.060000 0.078000
1 0.345000 0.199000 0.098000 0.094000
1 0.049000 0.665000 0.082000 0.086000
1 0.148000 0.775000 0.092000 0.098000
1 0.241000 0.156000 0.094000 0.080000
1 0.365000 0.904000 0.074000 0.072000
1 0.702000 0.756000 0.092000 0.092000
1 0.622000 0.052000 0.056000 0.048000
1 0.382000 0.072000 0.088000 0.068000
1 0.024000 0.527000 0.048000 0.078000
1 0.194000 0.040000 0.064000 0.068000
1 0.728000 0.305000 0.088000 0.078000
1 0.852000 0.955000 0.056000 0.078000
1 0.520000 0.232000 0.104000 0.084000
1 0.535000 0.021000 0.050000 0.042000
1 0.475000 0.019000 0.054000 0.038000
1 0.564000 0.159000 0.024000 0.054000
1 0.202000 0.323000 0.068000 0.054000
1 0.654000 0.146000 0.080000 0.064000
1 0.499000 0.643000 0.070000 0.070000
1 0.642000 0.804000 0.068000 0.076000
1 0.613000 0.170000 0.050000 0.060000
1 0.490000 0.088000 0.088000 0.080000
1 0.879000 0.706000 0.070000 0.096000
1 0.208000 0.265000 0.060000 0.042000
1 0.365000 0.689000 0.062000 0.042000
1 0.575000 0.812000 0.074000 0.096000
1 0.972000 0.956000 0.052000 0.044000
1 0.127000 0.017000 0.054000 0.034000
1 0.560000 0.503000 0.084000 0.062000