1 0.922000 0.115500 0.058000 0.051000
2 0.430000 0.652500 0.054000 0.037000
1 0.940000 0.603500 0.040000 0.069000
2 0.759500 0.742000 0.037000 0.046000
2 0.482000 0.678500 0.052000 0.059000
1 0.748500 0.571000 0.065000 0.064000
1 0.605000 0.759500 0.052000 0.043000
1 0.716500 0.079500 0.053000 0.063000
2 0.332000 0.742000 0.030000 0.034000
1 0.634500 0.641500 0.045000 0.043000
1 0.352000 0.799000 0.042000 0.038000
1 0.336000 0.574500 0.048000 0.059000
1 0.576000 0.098500 0.072000 0.085000
1 0.730500 0.458000 0.061000 0.046000
1 0.798000 0.491500 0.056000 0.063000
1 0.244000 0.465000 0.040000 0.048000
2 0.878500 0.884500 0.043000 0.081000
1 0.737500 0.659500 0.043000 0.043000
1 0.213500 0.346000 0.047000 0.062000
1 0.639000 0.425000 0.038000 0.058000
1 0.193500 0.118500 0.041000 0.055000
1 0.639000 0.567500 0.054000 0.055000
1 0.795000 0.327500 0.078000 0.083000