1 0.116000 0.056000 0.060000 0.042000
1 0.948500 0.037000 0.043000 0.062000
1 0.767500 0.937500 0.059000 0.049000
1 0.886000 0.017500 0.056000 0.031000
1 0.841000 0.428500 0.064000 0.061000
1 0.875000 0.184000 0.066000 0.076000
1 0.925000 0.138000 0.040000 0.048000
1 0.013500 0.567500 0.027000 0.041000
1 0.246500 0.300000 0.041000 0.034000
1 0.688000 0.449000 0.076000 0.080000
1 0.687500 0.242000 0.067000 0.052000
1 0.158000 0.591000 0.056000 0.052000
1 0.968000 0.306500 0.056000 0.071000
1 0.081000 0.592000 0.040000 0.036000
1 0.476500 0.521000 0.103000 0.094000