1 0.756000 0.495500 0.090000 0.073000
1 0.237500 0.322000 0.069000 0.050000
1 0.822000 0.528000 0.040000 0.046000
1 0.285500 0.021000 0.043000 0.042000
1 0.229000 0.764500 0.044000 0.037000
1 0.730500 0.972000 0.053000 0.044000
1 0.470500 0.341500 0.075000 0.053000
1 0.248000 0.066500 0.042000 0.049000
1 0.875500 0.141500 0.073000 0.049000
1 0.902000 0.542000 0.068000 0.054000
1 0.971500 0.267000 0.047000 0.048000
1 0.294500 0.877500 0.073000 0.085000
1 0.089000 0.751000 0.062000 0.052000
1 0.315000 0.296500 0.036000 0.053000
1 0.458500 0.892000 0.053000 0.046000
1 0.019500 0.757000 0.039000 0.046000
1 0.828500 0.291500 0.075000 0.067000
1 0.144500 0.345500 0.051000 0.039000
1 0.974000 0.561000 0.050000 0.064000
1 0.894000 0.446000 0.052000 0.044000
1 0.047500 0.818000 0.051000 0.040000
1 0.242000 0.858000 0.060000 0.078000
1 0.170500 0.826000 0.065000 0.078000
1 0.673500 0.375500 0.065000 0.057000