1 0.572500 0.572000 0.067000 0.042000
1 0.475500 0.058000 0.123000 0.096000
1 0.021000 0.720500 0.042000 0.043000
1 0.891000 0.637000 0.066000 0.056000
1 0.835000 0.605500 0.050000 0.067000
1 0.241500 0.037000 0.045000 0.038000
1 0.444500 0.796500 0.051000 0.053000
1 0.485000 0.736500 0.034000 0.067000
1 0.878500 0.746500 0.059000 0.035000
1 0.463500 0.942000 0.041000 0.056000
1 0.563000 0.474500 0.040000 0.073000
1 0.934000 0.892500 0.056000 0.049000
1 0.909000 0.189000 0.064000 0.048000
1 0.467000 0.192000 0.058000 0.036000
1 0.574500 0.396500 0.043000 0.061000
1 0.499000 0.585000 0.042000 0.022000
1 0.358000 0.765000 0.020000 0.034000
1 0.499000 0.673500 0.064000 0.053000
1 0.612500 0.492500 0.049000 0.019000
1 0.728500 0.400000 0.045000 0.054000
1 0.309000 0.882000 0.048000 0.042000
1 0.448000 0.839000 0.036000 0.020000
1 0.640000 0.639500 0.050000 0.027000
1 0.068500 0.397500 0.067000 0.025000
1 0.743500 0.279000 0.035000 0.046000
1 0.574500 0.705500 0.037000 0.049000
1 0.457000 0.584000 0.042000 0.032000
1 0.667500 0.111500 0.069000 0.053000
1 0.395500 0.760500 0.021000 0.033000
1 0.380500 0.037000 0.061000 0.074000
1 0.628000 0.260500 0.054000 0.041000
1 0.061500 0.202000 0.057000 0.026000
1 0.509000 0.795000 0.036000 0.050000
1 0.837500 0.165000 0.041000 0.038000
1 0.681500 0.268500 0.033000 0.041000
1 0.384500 0.792500 0.037000 0.021000
1 0.547500 0.246500 0.039000 0.027000
1 0.488500 0.518000 0.061000 0.030000
1 0.246000 0.396000 0.048000 0.036000
1 0.175000 0.376500 0.062000 0.055000
1 0.403500 0.537000 0.037000 0.060000
1 0.083500 0.039000 0.061000 0.048000
1 0.721000 0.328500 0.054000 0.049000
1 0.979500 0.292500 0.039000 0.051000
1 0.384500 0.845000 0.017000 0.050000
1 0.601000 0.093000 0.054000 0.042000
2 0.384000 0.678500 0.038000 0.047000
1 0.399000 0.161000 0.034000 0.046000
1 0.096000 0.799000 0.048000 0.032000
1 0.062000 0.319000 0.050000 0.050000