1 0.562000 0.698500 0.248000 0.243000
2 0.061000 0.773000 0.122000 0.126000
2 0.154000 0.683000 0.118000 0.132000
2 0.762500 0.060000 0.125000 0.120000
2 0.592000 0.451500 0.116000 0.123000
1 0.763000 0.348500 0.254000 0.281000
2 0.059500 0.948500 0.119000 0.101000
2 0.642500 0.149000 0.157000 0.176000
2 0.749000 0.867500 0.158000 0.147000
2 0.692000 0.549000 0.140000 0.164000
2 0.249500 0.298000 0.185000 0.180000
2 0.392000 0.461000 0.192000 0.180000
2 0.271000 0.105000 0.110000 0.116000
1 0.471500 0.269000 0.221000 0.214000
2 0.949500 0.357000 0.099000 0.158000
2 0.355500 0.182500 0.097000 0.099000
2 0.396500 0.061500 0.141000 0.123000
1 0.076000 0.487000 0.152000 0.228000
2 0.150000 0.136000 0.158000 0.166000