1 0.674500 0.535000 0.055000 0.064000
1 0.380500 0.035500 0.047000 0.041000
1 0.745500 0.032000 0.039000 0.048000
1 0.594500 0.954500 0.051000 0.059000
1 0.015500 0.461500 0.031000 0.053000
2 0.036000 0.056000 0.072000 0.070000
1 0.911500 0.546000 0.047000 0.050000
1 0.110500 0.281500 0.073000 0.071000
1 0.356500 0.738500 0.063000 0.061000
1 0.400000 0.571500 0.048000 0.049000
1 0.474500 0.206500 0.057000 0.051000
1 0.910000 0.209000 0.040000 0.062000
2 0.706000 0.085500 0.030000 0.039000
1 0.131000 0.046000 0.048000 0.052000
1 0.187000 0.188000 0.048000 0.050000
1 0.723000 0.608000 0.046000 0.050000
1 0.143500 0.440500 0.053000 0.063000
1 0.060000 0.136000 0.050000 0.044000
1 0.939000 0.136000 0.040000 0.054000
2 0.586000 0.066000 0.024000 0.042000
1 0.712000 0.835000 0.068000 0.056000