1 0.450000 0.162000 0.040000 0.054000
1 0.120500 0.205500 0.075000 0.063000
1 0.093000 0.092000 0.052000 0.040000
1 0.106500 0.967500 0.047000 0.033000
1 0.438000 0.081500 0.052000 0.051000
1 0.268000 0.095500 0.078000 0.043000
1 0.332500 0.163000 0.061000 0.102000
1 0.303500 0.982000 0.051000 0.034000
1 0.356500 0.817500 0.067000 0.065000
1 0.165500 0.896500 0.043000 0.051000
1 0.396500 0.148000 0.057000 0.040000
1 0.790000 0.020000 0.046000 0.040000
1 0.154000 0.977500 0.040000 0.031000
1 0.157000 0.089000 0.058000 0.056000
1 0.615500 0.243500 0.047000 0.077000
1 0.253500 0.154000 0.071000 0.070000
1 0.404500 0.215500 0.071000 0.091000
1 0.217000 0.438500 0.082000 0.091000
1 0.365500 0.088000 0.049000 0.064000