1 0.615000 0.842000 0.074000 0.100000
1 0.760000 0.256000 0.068000 0.052000
1 0.596000 0.113000 0.072000 0.074000
1 0.426000 0.587000 0.088000 0.086000
1 0.345000 0.842000 0.066000 0.068000
1 0.318000 0.701000 0.084000 0.110000
1 0.480000 0.256000 0.080000 0.060000
1 0.733000 0.692000 0.062000 0.060000
1 0.381000 0.716000 0.074000 0.076000
1 0.754000 0.519000 0.080000 0.102000
1 0.469000 0.455000 0.102000 0.082000
1 0.705000 0.743000 0.086000 0.082000
1 0.725000 0.108000 0.066000 0.056000
1 0.748000 0.590000 0.052000 0.064000
1 0.598000 0.034000 0.096000 0.068000
1 0.470000 0.518000 0.076000 0.076000