1 0.166500 0.328500 0.079000 0.075000
1 0.853000 0.800000 0.054000 0.054000
1 0.785500 0.829500 0.081000 0.053000
1 0.036500 0.876500 0.059000 0.063000
1 0.697000 0.279000 0.056000 0.034000
1 0.539500 0.508500 0.071000 0.063000
1 0.603500 0.256500 0.049000 0.053000
1 0.084500 0.410000 0.075000 0.072000
1 0.109500 0.927000 0.069000 0.064000
1 0.764500 0.666000 0.059000 0.054000
1 0.044000 0.229500 0.062000 0.071000
1 0.511000 0.109000 0.046000 0.052000
1 0.765000 0.872500 0.078000 0.071000
1 0.346500 0.745000 0.059000 0.054000
1 0.554000 0.225000 0.050000 0.050000
1 0.144000 0.120000 0.058000 0.070000
1 0.304500 0.219000 0.049000 0.060000