1 0.295000 0.550000 0.066000 0.054000
1 0.471500 0.288000 0.061000 0.060000
1 0.934000 0.681500 0.130000 0.151000
1 0.377500 0.621500 0.109000 0.147000
1 0.824500 0.361500 0.057000 0.067000
1 0.424500 0.905500 0.155000 0.187000
1 0.587500 0.177500 0.107000 0.109000
1 0.192000 0.491000 0.084000 0.070000
1 0.663500 0.943500 0.051000 0.053000
1 0.866000 0.827000 0.154000 0.100000
1 0.276000 0.597500 0.082000 0.061000
1 0.929500 0.108500 0.053000 0.075000
1 0.902000 0.199000 0.060000 0.062000
1 0.553000 0.325000 0.070000 0.056000
1 0.964500 0.891000 0.049000 0.078000
1 0.730000 0.678000 0.118000 0.064000
1 0.792000 0.912000 0.050000 0.072000
1 0.846500 0.275000 0.059000 0.060000