1 0.151000 0.178000 0.126000 0.144000
2 0.847000 0.903500 0.150000 0.133000
2 0.503000 0.832500 0.110000 0.099000
2 0.613500 0.734500 0.121000 0.133000
2 0.430000 0.689500 0.140000 0.139000
2 0.031500 0.587500 0.063000 0.133000
2 0.734500 0.078500 0.155000 0.157000
2 0.371500 0.251000 0.117000 0.112000
2 0.652000 0.944500 0.140000 0.109000
2 0.213500 0.958000 0.123000 0.082000
2 0.202000 0.612000 0.120000 0.122000
2 0.227000 0.773500 0.112000 0.115000
2 0.713000 0.251000 0.128000 0.122000
1 0.037500 0.388500 0.075000 0.183000
2 0.335000 0.097500 0.130000 0.121000
2 0.932500 0.153000 0.133000 0.148000
1 0.784000 0.731500 0.196000 0.203000
2 0.048000 0.802000 0.096000 0.124000
2 0.582500 0.365000 0.133000 0.126000
2 0.035500 0.209500 0.071000 0.163000
2 0.359500 0.451500 0.137000 0.135000
2 0.298500 0.696000 0.101000 0.104000
2 0.340500 0.883000 0.131000 0.136000
2 0.057000 0.939000 0.114000 0.120000
2 0.193500 0.357000 0.143000 0.174000
1 0.875000 0.418000 0.184000 0.202000
2 0.543500 0.186500 0.157000 0.149000