1 0.472000 0.522000 0.066000 0.078000
1 0.921500 0.029000 0.087000 0.058000
1 0.164500 0.631500 0.029000 0.053000
1 0.608500 0.902000 0.035000 0.048000
1 0.029000 0.161000 0.058000 0.066000
1 0.040500 0.882500 0.073000 0.053000
1 0.341000 0.671000 0.034000 0.042000
1 0.055500 0.579500 0.025000 0.045000
2 0.078000 0.371500 0.032000 0.041000
1 0.075000 0.228000 0.044000 0.060000
1 0.181500 0.266500 0.053000 0.041000
1 0.073000 0.097000 0.070000 0.050000
1 0.371500 0.823500 0.035000 0.043000
1 0.074500 0.757500 0.031000 0.043000