1 0.908000 0.876000 0.034000 0.024000
1 0.291500 0.944500 0.053000 0.041000
1 0.493000 0.954500 0.056000 0.049000
1 0.828000 0.245000 0.024000 0.020000
1 0.422000 0.970000 0.058000 0.042000
1 0.085000 0.541500 0.044000 0.061000
1 0.122000 0.187000 0.080000 0.054000
1 0.557500 0.947000 0.061000 0.050000
1 0.616000 0.769500 0.050000 0.033000
1 0.678500 0.964500 0.049000 0.037000
1 0.496000 0.230000 0.046000 0.040000
1 0.554500 0.602000 0.025000 0.030000
2 0.021000 0.364000 0.042000 0.054000
1 0.888000 0.503500 0.062000 0.061000