1 0.561000 0.336500 0.064000 0.063000
1 0.024000 0.747000 0.048000 0.066000
1 0.223500 0.360000 0.083000 0.080000
1 0.305500 0.089500 0.061000 0.067000
1 0.462000 0.581000 0.064000 0.062000
1 0.851000 0.141500 0.084000 0.091000
1 0.156500 0.154500 0.091000 0.075000
1 0.146000 0.309500 0.048000 0.047000
1 0.633500 0.489000 0.107000 0.106000
1 0.059500 0.471500 0.067000 0.071000
1 0.571500 0.619500 0.081000 0.065000
1 0.098500 0.348000 0.051000 0.038000
1 0.076000 0.672000 0.056000 0.050000
1 0.291000 0.762500 0.064000 0.061000
1 0.790500 0.042500 0.075000 0.085000
1 0.360000 0.184500 0.070000 0.059000
1 0.151000 0.768000 0.062000 0.072000
1 0.404000 0.375500 0.062000 0.057000
1 0.357500 0.535000 0.053000 0.048000
1 0.257500 0.281500 0.045000 0.055000
1 0.099500 0.250500 0.061000 0.059000
1 0.132000 0.431500 0.078000 0.057000