1 0.366000 0.172500 0.070000 0.045000
1 0.978000 0.254000 0.042000 0.038000
1 0.551500 0.868500 0.073000 0.063000
1 0.062000 0.314000 0.050000 0.050000
1 0.910000 0.601500 0.060000 0.049000
1 0.858000 0.821500 0.064000 0.071000
1 0.474000 0.627500 0.034000 0.049000
1 0.781000 0.533500 0.064000 0.061000
1 0.900500 0.691000 0.063000 0.050000
1 0.493000 0.504500 0.062000 0.049000
1 0.038500 0.630000 0.057000 0.048000
1 0.886000 0.968000 0.066000 0.048000
1 0.415000 0.545000 0.066000 0.048000
1 0.409000 0.931000 0.038000 0.050000
1 0.436000 0.191000 0.044000 0.052000
1 0.951500 0.459500 0.047000 0.031000
1 0.090500 0.556500 0.049000 0.049000
1 0.179000 0.590000 0.058000 0.048000
1 0.137500 0.205500 0.041000 0.049000
1 0.849500 0.196000 0.059000 0.046000
1 0.938000 0.193000 0.044000 0.046000
1 0.557500 0.233000 0.051000 0.040000