1 0.574000 0.885000 0.070000 0.054000
1 0.021000 0.398500 0.042000 0.051000
1 0.059000 0.955000 0.064000 0.056000
1 0.106000 0.630500 0.038000 0.043000
1 0.145500 0.564000 0.037000 0.028000
1 0.090500 0.429000 0.065000 0.056000
1 0.734000 0.734000 0.038000 0.050000
1 0.753500 0.093000 0.055000 0.070000
1 0.216000 0.432500 0.086000 0.063000
1 0.435500 0.875000 0.059000 0.062000
1 0.971000 0.036500 0.046000 0.053000
1 0.898000 0.507500 0.052000 0.063000
1 0.214500 0.549000 0.077000 0.062000
1 0.763500 0.169500 0.045000 0.045000
1 0.180500 0.070000 0.051000 0.062000
1 0.150500 0.706500 0.077000 0.061000
1 0.882500 0.430500 0.037000 0.053000
1 0.042000 0.251000 0.076000 0.060000
1 0.090500 0.811000 0.107000 0.084000
1 0.305500 0.827500 0.087000 0.073000
1 0.178000 0.263000 0.040000 0.032000