1 0.864000 0.138000 0.056000 0.070000
1 0.084500 0.257500 0.053000 0.067000
1 0.963000 0.203500 0.056000 0.027000
1 0.680000 0.593000 0.056000 0.060000
1 0.922000 0.034000 0.080000 0.064000
1 0.632000 0.133000 0.068000 0.070000
1 0.787000 0.579500 0.078000 0.075000
1 0.892500 0.663000 0.049000 0.058000
1 0.569000 0.710000 0.082000 0.032000
1 0.633500 0.675000 0.029000 0.060000
1 0.971000 0.715000 0.056000 0.068000
1 0.355000 0.047500 0.054000 0.069000
1 0.210000 0.666500 0.072000 0.073000
1 0.924500 0.133500 0.069000 0.075000
1 0.462000 0.769000 0.092000 0.070000
1 0.536000 0.648000 0.050000 0.062000
1 0.522000 0.137000 0.052000 0.052000
1 0.373000 0.372500 0.040000 0.045000
1 0.073000 0.132500 0.062000 0.067000
1 0.674500 0.676000 0.061000 0.058000
1 0.640000 0.378000 0.056000 0.062000