1 0.616500 0.434000 0.059000 0.056000
1 0.772500 0.973000 0.039000 0.052000
1 0.649500 0.857000 0.053000 0.056000
1 0.589000 0.702500 0.040000 0.053000
1 0.587000 0.643500 0.050000 0.023000
1 0.844500 0.888000 0.053000 0.040000
1 0.313000 0.181500 0.030000 0.035000
1 0.792000 0.580000 0.072000 0.064000
1 0.388500 0.051000 0.071000 0.048000
1 0.902000 0.120500 0.072000 0.067000
1 0.372500 0.162500 0.031000 0.031000
1 0.404500 0.855000 0.041000 0.032000
1 0.568000 0.790500 0.046000 0.047000
1 0.663000 0.326500 0.054000 0.067000
1 0.646000 0.791000 0.054000 0.052000
1 0.502000 0.858000 0.076000 0.054000
1 0.704000 0.241500 0.052000 0.051000
1 0.654000 0.580500 0.034000 0.053000
1 0.933500 0.962000 0.077000 0.060000
1 0.766000 0.691000 0.042000 0.046000
1 0.525500 0.237000 0.059000 0.042000
1 0.732000 0.642500 0.042000 0.049000
1 0.335000 0.506500 0.050000 0.045000
1 0.401000 0.288000 0.034000 0.026000
1 0.647000 0.200000 0.050000 0.068000