1 0.969000 0.702000 0.058000 0.084000
1 0.539000 0.851000 0.078000 0.074000
1 0.222000 0.069000 0.148000 0.106000
1 0.815000 0.182000 0.134000 0.164000
1 0.463000 0.370000 0.134000 0.120000
1 0.535000 0.238000 0.066000 0.068000
1 0.339000 0.079000 0.054000 0.046000
1 0.514000 0.122000 0.072000 0.064000
1 0.962000 0.182000 0.072000 0.120000
1 0.211000 0.502000 0.062000 0.084000
1 0.178000 0.576000 0.112000 0.072000
1 0.357000 0.220000 0.058000 0.056000
1 0.314000 0.345000 0.060000 0.058000
1 0.832000 0.380000 0.136000 0.116000