1 0.939000 0.121000 0.120000 0.078000
1 0.298000 0.775000 0.094000 0.138000
1 0.579000 0.450500 0.110000 0.083000
1 0.722000 0.478500 0.080000 0.117000
1 0.891000 0.452000 0.142000 0.102000
1 0.133000 0.122000 0.106000 0.054000
1 0.282000 0.612500 0.120000 0.123000
1 0.312000 0.461000 0.086000 0.094000
1 0.891000 0.787500 0.136000 0.067000
1 0.733000 0.799000 0.126000 0.074000
1 0.760000 0.039500 0.168000 0.079000
1 0.033000 0.440500 0.066000 0.095000
1 0.367000 0.119000 0.100000 0.062000
1 0.729000 0.112500 0.064000 0.059000
1 0.750500 0.590500 0.109000 0.083000
1 0.229500 0.440500 0.057000 0.059000