2 0.605500 0.703500 0.137000 0.147000
1 0.784500 0.778500 0.205000 0.201000
1 0.557500 0.525000 0.169000 0.146000
2 0.133000 0.180000 0.140000 0.142000
2 0.046500 0.769500 0.093000 0.143000
2 0.393000 0.580500 0.112000 0.107000
1 0.502000 0.947500 0.186000 0.103000
2 0.041000 0.122500 0.082000 0.129000
2 0.963500 0.825500 0.071000 0.123000
2 0.503500 0.349000 0.137000 0.136000
2 0.799000 0.209500 0.134000 0.141000
2 0.710500 0.351000 0.091000 0.094000
2 0.376500 0.361000 0.119000 0.128000
1 0.777500 0.526000 0.197000 0.186000
2 0.215500 0.450500 0.123000 0.125000
2 0.341500 0.218000 0.171000 0.152000
2 0.189500 0.893000 0.167000 0.176000