1 0.713500 0.967000 0.059000 0.064000
1 0.550500 0.873000 0.033000 0.046000
1 0.835500 0.709000 0.077000 0.056000
1 0.305500 0.950000 0.041000 0.046000
1 0.557000 0.601500 0.068000 0.049000
1 0.949500 0.975500 0.051000 0.047000
1 0.602000 0.375500 0.046000 0.051000
1 0.451500 0.596000 0.053000 0.060000
1 0.931500 0.617000 0.067000 0.054000
1 0.285500 0.659000 0.055000 0.056000
1 0.415000 0.403000 0.082000 0.064000
1 0.904500 0.412500 0.073000 0.051000
1 0.201500 0.983000 0.055000 0.032000
1 0.677500 0.865000 0.047000 0.066000
1 0.879000 0.503500 0.064000 0.073000
1 0.347000 0.587500 0.042000 0.047000
1 0.237500 0.855000 0.113000 0.086000
1 0.884500 0.316500 0.043000 0.035000
1 0.469000 0.749000 0.042000 0.082000
1 0.915000 0.756500 0.056000 0.069000
1 0.098500 0.983000 0.047000 0.032000
1 0.635500 0.565500 0.053000 0.083000
1 0.392500 0.581500 0.059000 0.051000
1 0.297500 0.608500 0.041000 0.043000
1 0.595500 0.827000 0.059000 0.120000
1 0.566000 0.647000 0.070000 0.042000
1 0.291000 0.746500 0.054000 0.073000
1 0.414000 0.731000 0.068000 0.052000
1 0.796500 0.354500 0.063000 0.099000
1 0.945000 0.485500 0.050000 0.059000
1 0.415500 0.479000 0.061000 0.046000