1 0.840000 0.077000 0.076000 0.074000
1 0.949000 0.407000 0.090000 0.098000
1 0.703000 0.452000 0.098000 0.088000
1 0.287000 0.129000 0.122000 0.130000
1 0.048000 0.806000 0.080000 0.088000
1 0.771000 0.598000 0.058000 0.060000
1 0.974000 0.754000 0.048000 0.068000
1 0.474000 0.452000 0.096000 0.064000
1 0.558000 0.323000 0.096000 0.082000
1 0.886000 0.602000 0.076000 0.080000
1 0.533000 0.045000 0.086000 0.082000
1 0.965000 0.659000 0.066000 0.082000
1 0.131000 0.861000 0.082000 0.082000
1 0.779000 0.963000 0.066000 0.070000
1 0.800000 0.344000 0.072000 0.072000
1 0.808000 0.534000 0.072000 0.088000
1 0.418000 0.247000 0.076000 0.078000
1 0.716000 0.712000 0.072000 0.072000
1 0.884000 0.710000 0.080000 0.068000
1 0.432000 0.358000 0.096000 0.080000
1 0.608000 0.149000 0.072000 0.070000
1 0.738000 0.824000 0.096000 0.088000
1 0.856000 0.460000 0.088000 0.072000
1 0.893000 0.285000 0.090000 0.086000
1 0.637000 0.608000 0.078000 0.084000
1 0.961000 0.240000 0.074000 0.084000
1 0.852000 0.957000 0.080000 0.082000
1 0.743000 0.241000 0.098000 0.086000
1 0.217000 0.939000 0.090000 0.094000
1 0.828000 0.665000 0.080000 0.074000