1 0.461000 0.815000 0.070000 0.074000
1 0.470000 0.747000 0.060000 0.054000
1 0.938000 0.817000 0.116000 0.134000
1 0.844000 0.892000 0.076000 0.080000
1 0.531000 0.953000 0.102000 0.090000
1 0.396000 0.533000 0.064000 0.058000
1 0.486000 0.672000 0.064000 0.060000
1 0.830000 0.128000 0.120000 0.084000
1 0.544000 0.374000 0.084000 0.088000
1 0.092000 0.398000 0.064000 0.060000
1 0.649000 0.733000 0.086000 0.086000
1 0.490000 0.587000 0.084000 0.078000
1 0.344000 0.147000 0.156000 0.174000
1 0.812000 0.737000 0.092000 0.078000
1 0.183000 0.150000 0.062000 0.056000
1 0.315000 0.937000 0.038000 0.050000
1 0.021000 0.904000 0.042000 0.108000
1 0.806000 0.924000 0.092000 0.088000