1 0.408500 0.430000 0.101000 0.080000
1 0.042500 0.542500 0.085000 0.097000
1 0.669000 0.889500 0.072000 0.091000
1 0.945500 0.081000 0.107000 0.094000
1 0.491500 0.378000 0.071000 0.062000
1 0.956500 0.739000 0.085000 0.084000
1 0.284500 0.650500 0.099000 0.121000
1 0.141500 0.949000 0.069000 0.060000
1 0.922000 0.948500 0.052000 0.047000
1 0.236000 0.896000 0.078000 0.064000
1 0.478000 0.250000 0.064000 0.056000
1 0.421000 0.083500 0.072000 0.083000
1 0.599500 0.940500 0.057000 0.063000
1 0.347000 0.835500 0.076000 0.067000
1 0.539000 0.546000 0.094000 0.094000
1 0.856000 0.693500 0.094000 0.137000
1 0.215000 0.676000 0.088000 0.080000
1 0.114500 0.224500 0.069000 0.075000
1 0.456500 0.577000 0.065000 0.084000
1 0.163000 0.475500 0.070000 0.059000
1 0.587500 0.340500 0.081000 0.051000
1 0.439000 0.797500 0.082000 0.071000
1 0.673000 0.517000 0.080000 0.078000
1 0.571000 0.739000 0.072000 0.084000
1 0.770500 0.335000 0.051000 0.066000
1 0.235000 0.427000 0.076000 0.080000
1 0.590500 0.110000 0.053000 0.056000
1 0.045000 0.770000 0.090000 0.102000
1 0.044000 0.263000 0.070000 0.068000
1 0.341000 0.126500 0.040000 0.061000
1 0.282500 0.269500 0.129000 0.101000
1 0.516000 0.043500 0.112000 0.087000
1 0.341500 0.597500 0.075000 0.073000
1 0.086000 0.097500 0.120000 0.099000
1 0.374000 0.200000 0.054000 0.064000
1 0.794000 0.247000 0.070000 0.100000