1 0.195000 0.745000 0.078000 0.082000
1 0.771000 0.532000 0.098000 0.076000
1 0.903000 0.180000 0.106000 0.088000
1 0.450000 0.095000 0.076000 0.134000
1 0.975000 0.490000 0.046000 0.064000
1 0.428000 0.487000 0.072000 0.142000
1 0.017000 0.044000 0.034000 0.068000
1 0.189000 0.368000 0.134000 0.076000
1 0.859000 0.036000 0.082000 0.072000
1 0.773000 0.692000 0.050000 0.068000
1 0.069000 0.704000 0.066000 0.132000
1 0.317000 0.744000 0.134000 0.072000
1 0.422000 0.632000 0.068000 0.140000
1 0.907000 0.501000 0.074000 0.066000
1 0.071000 0.590000 0.074000 0.076000
1 0.965000 0.806000 0.066000 0.076000
1 0.913000 0.380000 0.106000 0.096000
1 0.057000 0.280000 0.066000 0.048000
1 0.072000 0.473000 0.072000 0.126000
1 0.431000 0.254000 0.066000 0.144000
1 0.325000 0.368000 0.122000 0.068000