1 0.192000 0.212000 0.052000 0.052000
1 0.105000 0.350000 0.042000 0.040000
1 0.670000 0.049000 0.128000 0.098000
1 0.532000 0.170000 0.116000 0.112000
1 0.640000 0.937000 0.196000 0.122000
1 0.539000 0.757000 0.134000 0.138000
1 0.372000 0.696000 0.060000 0.080000
1 0.945000 0.081000 0.106000 0.122000
1 0.539000 0.454000 0.106000 0.112000
1 0.357000 0.375000 0.046000 0.050000
1 0.132000 0.753000 0.052000 0.038000
1 0.816000 0.205000 0.104000 0.114000
1 0.393000 0.292000 0.130000 0.116000
1 0.677000 0.332000 0.118000 0.120000
1 0.073000 0.491000 0.098000 0.110000