1 0.915500 0.416000 0.049000 0.044000
1 0.735000 0.219500 0.068000 0.059000
1 0.712000 0.448500 0.052000 0.045000
1 0.592500 0.097500 0.057000 0.057000
1 0.503000 0.512000 0.058000 0.070000
1 0.626500 0.271500 0.045000 0.053000
1 0.701000 0.378500 0.046000 0.041000
1 0.544500 0.656500 0.053000 0.049000
1 0.300000 0.047000 0.074000 0.078000
1 0.192500 0.132500 0.067000 0.049000
1 0.041000 0.073000 0.076000 0.066000
1 0.334000 0.877500 0.062000 0.079000
1 0.577500 0.172500 0.077000 0.069000
1 0.106000 0.197500 0.076000 0.059000
1 0.685500 0.192000 0.051000 0.048000
1 0.096500 0.824000 0.041000 0.048000
1 0.626000 0.419000 0.038000 0.044000