1 0.412000 0.802000 0.136000 0.096000
1 0.655000 0.114000 0.066000 0.064000
2 0.681000 0.626000 0.054000 0.052000
2 0.630000 0.708000 0.064000 0.048000
1 0.676000 0.808000 0.068000 0.060000
1 0.264000 0.692000 0.056000 0.052000
1 0.868000 0.727000 0.064000 0.074000
1 0.880000 0.813000 0.080000 0.070000
1 0.955000 0.743000 0.050000 0.050000
1 0.501000 0.558000 0.114000 0.080000
2 0.590000 0.788000 0.052000 0.048000
1 0.696000 0.681000 0.060000 0.066000
1 0.658000 0.760000 0.056000 0.056000
1 0.527000 0.661000 0.066000 0.050000