2 0.800500 0.550500 0.025000 0.027000
2 0.758000 0.759000 0.024000 0.036000
2 0.666500 0.900500 0.029000 0.031000
1 0.466000 0.574000 0.044000 0.054000
1 0.811500 0.980500 0.035000 0.037000
1 0.682500 0.324000 0.041000 0.050000
1 0.652500 0.826000 0.053000 0.054000
1 0.923500 0.166500 0.057000 0.045000
2 0.569500 0.342500 0.033000 0.041000
1 0.865500 0.326500 0.049000 0.051000
2 0.852500 0.398000 0.027000 0.026000
1 0.813500 0.502500 0.045000 0.053000
1 0.784000 0.604000 0.040000 0.048000
1 0.945500 0.033500 0.075000 0.067000