1 0.954000 0.780000 0.076000 0.064000
1 0.028000 0.535000 0.048000 0.058000
1 0.949000 0.717000 0.062000 0.062000
1 0.911000 0.329000 0.066000 0.054000
1 0.899000 0.375000 0.098000 0.086000
1 0.852000 0.899000 0.088000 0.058000
1 0.954000 0.883000 0.052000 0.046000
1 0.970000 0.356000 0.056000 0.072000
1 0.737000 0.137000 0.102000 0.106000
1 0.950000 0.963000 0.056000 0.046000
1 0.040000 0.593000 0.072000 0.066000
1 0.884000 0.795000 0.064000 0.058000
1 0.830000 0.725000 0.044000 0.046000
1 0.831000 0.553000 0.074000 0.066000
1 0.841000 0.274000 0.082000 0.076000
1 0.899000 0.175000 0.066000 0.086000
1 0.200000 0.736000 0.076000 0.068000
1 0.977000 0.241000 0.042000 0.094000
1 0.050000 0.725000 0.092000 0.078000
1 0.248000 0.636000 0.060000 0.052000