1 0.031000 0.065000 0.062000 0.070000
1 0.120000 0.244000 0.068000 0.052000
1 0.971000 0.951000 0.054000 0.094000
1 0.732000 0.498000 0.072000 0.064000
1 0.214000 0.843000 0.072000 0.050000
1 0.222000 0.715000 0.060000 0.050000
1 0.601000 0.047000 0.058000 0.054000
1 0.529000 0.071000 0.066000 0.054000
1 0.705000 0.804000 0.090000 0.068000
1 0.560000 0.673000 0.068000 0.086000
1 0.603000 0.499000 0.098000 0.086000
1 0.982000 0.660000 0.032000 0.068000
1 0.891000 0.663000 0.066000 0.094000
1 0.121000 0.495000 0.070000 0.070000
1 0.033000 0.302000 0.062000 0.060000
1 0.535000 0.749000 0.050000 0.054000
1 0.267000 0.776000 0.054000 0.064000
1 0.860000 0.808000 0.064000 0.100000
1 0.370000 0.804000 0.064000 0.052000
1 0.828000 0.050000 0.064000 0.064000
1 0.796000 0.246000 0.064000 0.088000
1 0.205000 0.638000 0.058000 0.048000
1 0.228000 0.329000 0.052000 0.054000
1 0.525000 0.292000 0.110000 0.076000
1 0.927000 0.807000 0.062000 0.054000
1 0.456000 0.713000 0.096000 0.070000
1 0.605000 0.190000 0.054000 0.044000
1 0.230000 0.583000 0.040000 0.046000
1 0.525000 0.437000 0.058000 0.070000
1 0.141000 0.616000 0.074000 0.064000
1 0.432000 0.091000 0.088000 0.058000
1 0.309000 0.859000 0.062000 0.062000
1 0.774000 0.682000 0.068000 0.080000
1 0.603000 0.332000 0.054000 0.056000