1 0.585000 0.335000 0.054000 0.050000
1 0.492000 0.556000 0.052000 0.052000
1 0.040000 0.149000 0.060000 0.086000
1 0.551000 0.297000 0.042000 0.050000
1 0.619000 0.237000 0.050000 0.046000
1 0.640000 0.059000 0.044000 0.050000
1 0.641000 0.273000 0.046000 0.046000
1 0.660000 0.152000 0.072000 0.044000
1 0.027000 0.290000 0.054000 0.108000
1 0.097000 0.875000 0.062000 0.050000
1 0.921000 0.497000 0.042000 0.050000
1 0.774000 0.495000 0.036000 0.046000
2 0.320000 0.109000 0.048000 0.094000
1 0.751000 0.096000 0.082000 0.044000
1 0.788000 0.222000 0.048000 0.060000
1 0.631000 0.309000 0.050000 0.042000
1 0.834000 0.701000 0.068000 0.054000
1 0.822000 0.854000 0.048000 0.040000
1 0.769000 0.821000 0.042000 0.050000
1 0.677000 0.298000 0.050000 0.052000
2 0.462000 0.620000 0.044000 0.052000
1 0.416000 0.384000 0.064000 0.064000
1 0.747000 0.189000 0.050000 0.058000
1 0.577000 0.681000 0.074000 0.066000
1 0.666000 0.564000 0.060000 0.040000
1 0.088000 0.677000 0.064000 0.066000
1 0.737000 0.019000 0.050000 0.038000
2 0.763000 0.974000 0.038000 0.048000
1 0.947000 0.019000 0.062000 0.038000
1 0.511000 0.689000 0.062000 0.058000
1 0.713000 0.768000 0.046000 0.048000
1 0.435000 0.970000 0.058000 0.056000
1 0.693000 0.202000 0.050000 0.052000
1 0.869000 0.056000 0.062000 0.060000
1 0.935000 0.542000 0.070000 0.048000
1 0.650000 0.931000 0.040000 0.050000
1 0.726000 0.821000 0.040000 0.046000
2 0.816000 0.967000 0.056000 0.046000
1 0.836000 0.590000 0.048000 0.048000
1 0.550000 0.814000 0.060000 0.056000
1 0.744000 0.365000 0.056000 0.074000
1 0.590000 0.092000 0.060000 0.068000
1 0.873000 0.421000 0.078000 0.042000
1 0.577000 0.169000 0.066000 0.066000
1 0.569000 0.397000 0.058000 0.046000
1 0.646000 0.599000 0.048000 0.038000
1 0.024000 0.708000 0.048000 0.064000
1 0.945000 0.637000 0.058000 0.054000
1 0.024000 0.503000 0.048000 0.090000
1 0.732000 0.128000 0.032000 0.044000
1 0.510000 0.975000 0.064000 0.046000
1 0.860000 0.496000 0.052000 0.056000
1 0.487000 0.162000 0.054000 0.060000
1 0.964000 0.242000 0.056000 0.060000
1 0.805000 0.423000 0.066000 0.046000
1 0.434000 0.227000 0.068000 0.062000
1 0.017000 0.853000 0.034000 0.046000
1 0.568000 0.234000 0.064000 0.064000
1 0.758000 0.553000 0.048000 0.058000
1 0.590000 0.928000 0.048000 0.056000
1 0.867000 0.174000 0.062000 0.064000
1 0.767000 0.606000 0.054000 0.048000
1 0.067000 0.825000 0.082000 0.086000
1 0.055000 0.047000 0.070000 0.082000
1 0.687000 0.061000 0.046000 0.038000
1 0.433000 0.117000 0.062000 0.066000
1 0.844000 0.551000 0.096000 0.038000
1 0.466000 0.434000 0.060000 0.044000
1 0.567000 0.561000 0.070000 0.070000
1 0.533000 0.440000 0.050000 0.060000
1 0.503000 0.251000 0.050000 0.046000
1 0.584000 0.743000 0.056000 0.054000
1 0.501000 0.392000 0.058000 0.068000
1 0.705000 0.602000 0.054000 0.056000
1 0.637000 0.190000 0.062000 0.056000
1 0.805000 0.157000 0.046000 0.042000
1 0.513000 0.333000 0.058000 0.058000
1 0.959000 0.321000 0.054000 0.066000
1 0.458000 0.193000 0.052000 0.050000
1 0.645000 0.722000 0.058000 0.052000
1 0.853000 0.253000 0.066000 0.062000
1 0.463000 0.865000 0.062000 0.046000
1 0.058000 0.563000 0.064000 0.058000
1 0.947000 0.590000 0.050000 0.052000