1 0.033000 0.930000 0.046000 0.052000
1 0.641000 0.949000 0.044000 0.042000
2 0.581000 0.460000 0.044000 0.048000
1 0.380500 0.756500 0.047000 0.049000
1 0.406500 0.639500 0.043000 0.051000
1 0.569500 0.669000 0.053000 0.046000
1 0.398000 0.694500 0.048000 0.049000
1 0.318500 0.915500 0.051000 0.051000
1 0.473000 0.453000 0.030000 0.044000
1 0.495000 0.931500 0.056000 0.039000
1 0.979000 0.769500 0.040000 0.043000
1 0.121000 0.578500 0.062000 0.051000
1 0.742500 0.722000 0.059000 0.048000
1 0.193000 0.972500 0.056000 0.053000
1 0.488500 0.804500 0.043000 0.047000
1 0.268500 0.981500 0.045000 0.035000