1 0.535000 0.059500 0.078000 0.071000
1 0.550500 0.458500 0.053000 0.051000
1 0.575500 0.020000 0.061000 0.040000
1 0.966000 0.264000 0.066000 0.112000
1 0.617000 0.307000 0.058000 0.074000
1 0.352500 0.937000 0.101000 0.078000
1 0.803500 0.957000 0.051000 0.044000
1 0.511000 0.597000 0.056000 0.052000
1 0.285000 0.532000 0.054000 0.038000
1 0.630500 0.974000 0.091000 0.050000
1 0.030500 0.038500 0.061000 0.077000
1 0.972500 0.947500 0.053000 0.063000
1 0.458000 0.392000 0.060000 0.054000
1 0.103000 0.322500 0.048000 0.053000
1 0.319000 0.106000 0.122000 0.102000
1 0.061000 0.420500 0.048000 0.061000
1 0.672000 0.242500 0.078000 0.085000
1 0.772000 0.564500 0.054000 0.051000
1 0.168000 0.347000 0.060000 0.074000
1 0.043500 0.277500 0.077000 0.091000