1 0.918000 0.059000 0.084000 0.066000
1 0.309000 0.795000 0.070000 0.078000
1 0.906000 0.681000 0.064000 0.058000
1 0.297000 0.350000 0.050000 0.068000
1 0.150000 0.179000 0.104000 0.094000
1 0.192000 0.754000 0.060000 0.056000
2 0.054000 0.803000 0.060000 0.058000
1 0.101000 0.494000 0.030000 0.064000
1 0.329000 0.930000 0.106000 0.100000
1 0.504000 0.082000 0.052000 0.060000
1 0.343000 0.169000 0.050000 0.050000
1 0.752000 0.785000 0.100000 0.126000
1 0.093000 0.578000 0.078000 0.080000
1 0.769000 0.902000 0.070000 0.044000
1 0.515000 0.547000 0.086000 0.074000
1 0.125000 0.700000 0.054000 0.076000
1 0.461000 0.043000 0.066000 0.046000
1 0.605000 0.814000 0.122000 0.052000
1 0.634000 0.194000 0.088000 0.080000
1 0.512000 0.443000 0.064000 0.054000
1 0.741000 0.538000 0.062000 0.056000
1 0.399000 0.467000 0.062000 0.070000
1 0.547000 0.287000 0.078000 0.062000
1 0.648000 0.311000 0.084000 0.058000
1 0.638000 0.102000 0.064000 0.056000
1 0.822000 0.338000 0.068000 0.064000
1 0.646000 0.945000 0.080000 0.074000
1 0.204000 0.898000 0.052000 0.060000
1 0.878000 0.563000 0.080000 0.070000
1 0.916000 0.275000 0.072000 0.050000
1 0.148000 0.086000 0.072000 0.072000
1 0.208000 0.845000 0.068000 0.042000