1 0.712500 0.967500 0.035000 0.049000
1 0.756000 0.182000 0.060000 0.056000
1 0.806500 0.146500 0.053000 0.049000
1 0.590500 0.347500 0.063000 0.065000
1 0.396500 0.295500 0.099000 0.075000
1 0.513500 0.899500 0.091000 0.083000
1 0.489000 0.708500 0.074000 0.075000
1 0.704000 0.866000 0.052000 0.074000
1 0.354000 0.926000 0.050000 0.066000
1 0.122500 0.116500 0.063000 0.051000
1 0.646500 0.972500 0.049000 0.053000
1 0.079000 0.679000 0.048000 0.048000
1 0.137500 0.047500 0.057000 0.059000
1 0.169500 0.794000 0.089000 0.086000
1 0.923500 0.118500 0.073000 0.067000
1 0.650500 0.890000 0.055000 0.064000
1 0.626500 0.790500 0.071000 0.075000
1 0.126500 0.577000 0.063000 0.080000
1 0.078000 0.779000 0.066000 0.060000
1 0.952500 0.342500 0.057000 0.051000
1 0.216500 0.593000 0.069000 0.080000
1 0.501000 0.611000 0.076000 0.042000
1 0.515000 0.653500 0.048000 0.055000
1 0.253500 0.823500 0.075000 0.195000
1 0.382500 0.053000 0.059000 0.054000
1 0.628500 0.200500 0.035000 0.043000
1 0.117500 0.970500 0.049000 0.057000
1 0.074000 0.070500 0.038000 0.055000