1 0.349000 0.276000 0.058000 0.056000
1 0.081000 0.025000 0.062000 0.050000
1 0.411000 0.438000 0.062000 0.072000
1 0.683000 0.978000 0.066000 0.040000
1 0.826000 0.027000 0.064000 0.054000
1 0.089000 0.392000 0.102000 0.080000
1 0.582000 0.340000 0.048000 0.056000
1 0.291000 0.237000 0.050000 0.062000
1 0.907000 0.956000 0.062000 0.060000
1 0.260000 0.652000 0.064000 0.056000
1 0.531000 0.390000 0.066000 0.076000
1 0.232000 0.914000 0.096000 0.088000
1 0.772000 0.770000 0.056000 0.052000
1 0.854000 0.752000 0.076000 0.068000
1 0.597000 0.610000 0.066000 0.060000
1 0.250000 0.274000 0.052000 0.044000
1 0.806000 0.681000 0.060000 0.074000
1 0.657000 0.604000 0.042000 0.044000
1 0.429000 0.891000 0.058000 0.046000
1 0.601000 0.980000 0.066000 0.036000
1 0.739000 0.027000 0.054000 0.054000
1 0.295000 0.581000 0.062000 0.050000
2 0.721000 0.564000 0.090000 0.072000
1 0.429000 0.178000 0.066000 0.064000
1 0.458000 0.624000 0.060000 0.108000
1 0.250000 0.427000 0.080000 0.074000
1 0.053000 0.639000 0.066000 0.094000
1 0.923000 0.222000 0.098000 0.056000
1 0.309000 0.824000 0.042000 0.052000
1 0.788000 0.966000 0.064000 0.064000
1 0.834000 0.862000 0.060000 0.052000
1 0.918000 0.853000 0.108000 0.078000
1 0.462000 0.353000 0.044000 0.038000
1 0.224000 0.809000 0.064000 0.046000
1 0.574000 0.781000 0.040000 0.054000
1 0.094000 0.859000 0.084000 0.062000
1 0.213000 0.329000 0.054000 0.062000
2 0.844000 0.233000 0.056000 0.078000
1 0.733000 0.866000 0.062000 0.060000
1 0.350000 0.452000 0.056000 0.056000
1 0.383000 0.594000 0.078000 0.072000
1 0.397000 0.267000 0.042000 0.066000
1 0.126000 0.605000 0.088000 0.086000
1 0.331000 0.770000 0.086000 0.048000
1 0.515000 0.224000 0.070000 0.088000
1 0.192000 0.258000 0.048000 0.064000
1 0.846000 0.117000 0.052000 0.074000
1 0.253000 0.195000 0.054000 0.046000
1 0.832000 0.921000 0.056000 0.054000
1 0.518000 0.308000 0.064000 0.068000