1 0.982000 0.505000 0.032000 0.046000
1 0.476000 0.648000 0.048000 0.080000
1 0.184000 0.855000 0.060000 0.042000
1 0.562000 0.705000 0.080000 0.062000
1 0.682000 0.653000 0.076000 0.078000
1 0.721000 0.592000 0.082000 0.060000
1 0.981000 0.765000 0.034000 0.062000
1 0.553000 0.652000 0.054000 0.036000
1 0.669000 0.429000 0.074000 0.058000
1 0.204000 0.755000 0.064000 0.046000
1 0.627000 0.637000 0.074000 0.062000
1 0.029000 0.328000 0.058000 0.084000
1 0.279000 0.809000 0.062000 0.046000
1 0.311000 0.502000 0.054000 0.096000
1 0.156000 0.447000 0.072000 0.062000
1 0.689000 0.021000 0.066000 0.038000
1 0.743000 0.435000 0.066000 0.062000
1 0.324000 0.104000 0.052000 0.052000
1 0.703000 0.077000 0.062000 0.046000
1 0.305000 0.891000 0.042000 0.034000
1 0.816000 0.730000 0.076000 0.060000
1 0.644000 0.285000 0.060000 0.062000
1 0.055000 0.544000 0.054000 0.064000
1 0.754000 0.030000 0.052000 0.040000
1 0.636000 0.550000 0.072000 0.048000
1 0.873000 0.446000 0.046000 0.048000
1 0.508000 0.545000 0.056000 0.062000
1 0.085000 0.416000 0.086000 0.072000
1 0.022000 0.656000 0.044000 0.096000
1 0.389000 0.492000 0.070000 0.060000
1 0.101000 0.073000 0.070000 0.062000
1 0.853000 0.524000 0.038000 0.048000