1 0.861000 0.886000 0.138000 0.124000
1 0.029000 0.586000 0.058000 0.060000
1 0.725000 0.923000 0.138000 0.126000
1 0.914000 0.369000 0.168000 0.170000
1 0.646000 0.475000 0.172000 0.198000
1 0.356000 0.231000 0.076000 0.098000
1 0.427000 0.559000 0.162000 0.206000
1 0.040000 0.250000 0.080000 0.096000
1 0.288000 0.574000 0.180000 0.128000
1 0.313000 0.152000 0.078000 0.092000
1 0.125000 0.356000 0.078000 0.076000
1 0.111000 0.477000 0.082000 0.078000
1 0.758000 0.396000 0.112000 0.104000
1 0.891000 0.292000 0.214000 0.184000
1 0.335000 0.649000 0.130000 0.122000
1 0.639000 0.056000 0.126000 0.112000
1 0.675000 0.181000 0.098000 0.074000
1 0.663000 0.120000 0.082000 0.060000
1 0.914000 0.952000 0.116000 0.092000
1 0.053000 0.388000 0.106000 0.168000
1 0.786000 0.148000 0.040000 0.048000
1 0.151000 0.741000 0.186000 0.146000
1 0.701000 0.254000 0.106000 0.100000