1 0.513000 0.398000 0.078000 0.080000
1 0.694000 0.202000 0.048000 0.060000
1 0.283000 0.503000 0.062000 0.062000
1 0.906000 0.969000 0.060000 0.054000
1 0.571000 0.045000 0.066000 0.086000
1 0.552000 0.525000 0.060000 0.070000
1 0.856000 0.030000 0.056000 0.056000
1 0.814000 0.099000 0.068000 0.054000
1 0.265000 0.906000 0.078000 0.096000
1 0.432000 0.382000 0.064000 0.044000
1 0.107000 0.021000 0.050000 0.042000
1 0.555000 0.745000 0.062000 0.074000
1 0.323000 0.430000 0.070000 0.068000
1 0.747000 0.676000 0.074000 0.064000
1 0.537000 0.336000 0.070000 0.064000
1 0.834000 0.851000 0.072000 0.078000
1 0.673000 0.045000 0.062000 0.066000
1 0.225000 0.543000 0.078000 0.066000
1 0.943000 0.291000 0.070000 0.078000
1 0.783000 0.500000 0.054000 0.056000
1 0.224000 0.467000 0.072000 0.070000
1 0.529000 0.284000 0.062000 0.052000
1 0.135000 0.786000 0.074000 0.076000
1 0.883000 0.454000 0.078000 0.060000
1 0.527000 0.222000 0.062000 0.060000
1 0.428000 0.287000 0.064000 0.070000
1 0.918000 0.584000 0.068000 0.060000
1 0.973000 0.354000 0.050000 0.060000
1 0.043000 0.171000 0.086000 0.078000
1 0.966000 0.450000 0.064000 0.072000
1 0.025000 0.103000 0.050000 0.062000
1 0.963000 0.197000 0.054000 0.046000
1 0.653000 0.130000 0.094000 0.064000
1 0.960000 0.776000 0.060000 0.064000
1 0.213000 0.308000 0.086000 0.084000
1 0.427000 0.338000 0.078000 0.044000
1 0.103000 0.953000 0.074000 0.062000
1 0.256000 0.036000 0.084000 0.064000
1 0.797000 0.360000 0.078000 0.064000
1 0.601000 0.855000 0.090000 0.106000
1 0.666000 0.283000 0.048000 0.058000
1 0.769000 0.447000 0.086000 0.066000
1 0.940000 0.925000 0.048000 0.050000
1 0.611000 0.451000 0.062000 0.070000
1 0.511000 0.666000 0.066000 0.072000
1 0.979000 0.606000 0.038000 0.076000
1 0.440000 0.606000 0.072000 0.092000