1 0.653000 0.842000 0.066000 0.034000
1 0.706000 0.484500 0.056000 0.057000
1 0.701500 0.388500 0.055000 0.061000
1 0.075000 0.648500 0.056000 0.045000
1 0.932000 0.256500 0.056000 0.059000
1 0.083500 0.754500 0.067000 0.057000
1 0.543500 0.034500 0.057000 0.069000
1 0.971500 0.967500 0.055000 0.063000
1 0.320500 0.224000 0.069000 0.068000
1 0.197000 0.196000 0.064000 0.056000
1 0.973500 0.828000 0.051000 0.054000
1 0.973500 0.894000 0.051000 0.046000
1 0.624500 0.478000 0.059000 0.048000
1 0.639000 0.387000 0.054000 0.074000
1 0.101500 0.932500 0.059000 0.063000
1 0.164000 0.059500 0.066000 0.071000
1 0.046000 0.121000 0.078000 0.078000
1 0.134500 0.159000 0.061000 0.046000
1 0.303000 0.569000 0.040000 0.044000
1 0.693000 0.595500 0.050000 0.059000
1 0.960500 0.519000 0.067000 0.062000
1 0.273500 0.194500 0.057000 0.081000
1 0.888000 0.950000 0.072000 0.052000
1 0.025000 0.928500 0.050000 0.077000
1 0.611000 0.075000 0.040000 0.048000
1 0.644000 0.912500 0.070000 0.051000