1 0.745000 0.169000 0.118000 0.054000
1 0.750000 0.222000 0.092000 0.072000
2 0.766000 0.638000 0.052000 0.048000
1 0.838000 0.023000 0.076000 0.046000
2 0.852000 0.404000 0.076000 0.068000
1 0.689000 0.822000 0.070000 0.052000
1 0.642000 0.498000 0.112000 0.052000
1 0.377000 0.827000 0.082000 0.070000
1 0.384000 0.767000 0.080000 0.030000
1 0.649000 0.544000 0.090000 0.060000
2 0.425000 0.140000 0.082000 0.072000
1 0.455000 0.527000 0.062000 0.062000
1 0.974000 0.522000 0.048000 0.064000
2 0.674000 0.289000 0.068000 0.094000