1 0.799000 0.607000 0.062000 0.066000
1 0.824000 0.034000 0.080000 0.068000
1 0.839000 0.856000 0.070000 0.044000
1 0.779000 0.202000 0.066000 0.080000
1 0.631000 0.575000 0.082000 0.106000
1 0.071000 0.134000 0.058000 0.072000
1 0.140000 0.117000 0.056000 0.082000
1 0.033000 0.053000 0.066000 0.054000
1 0.407000 0.957000 0.118000 0.082000
1 0.357000 0.076000 0.022000 0.044000
1 0.704000 0.039000 0.100000 0.078000
1 0.091000 0.037000 0.066000 0.058000
1 0.278000 0.964000 0.128000 0.068000
1 0.932000 0.031000 0.080000 0.062000