1 0.476500 0.511500 0.057000 0.071000
1 0.114500 0.063500 0.055000 0.075000
1 0.197500 0.401500 0.101000 0.125000
1 0.109000 0.549000 0.086000 0.082000
1 0.353000 0.688000 0.086000 0.076000
1 0.100500 0.176000 0.069000 0.076000
1 0.466000 0.967500 0.088000 0.063000
1 0.575500 0.267000 0.051000 0.076000
1 0.263000 0.185500 0.050000 0.057000
1 0.084500 0.426500 0.059000 0.045000
1 0.963500 0.585000 0.055000 0.068000
1 0.284000 0.112000 0.050000 0.054000
1 0.833500 0.109000 0.059000 0.058000
1 0.264500 0.449500 0.081000 0.091000
1 0.050000 0.292500 0.074000 0.061000
1 0.815000 0.570500 0.096000 0.089000
1 0.464000 0.625000 0.040000 0.060000
1 0.394500 0.213500 0.075000 0.079000
1 0.024000 0.407500 0.048000 0.055000
1 0.428500 0.095500 0.061000 0.065000
1 0.227000 0.891500 0.058000 0.045000
1 0.504500 0.243000 0.053000 0.074000
1 0.291000 0.640000 0.076000 0.098000
1 0.403000 0.612000 0.058000 0.054000
1 0.225000 0.262000 0.066000 0.070000
1 0.958000 0.719000 0.082000 0.080000
1 0.548000 0.442500 0.160000 0.093000
1 0.354000 0.954000 0.056000 0.056000
1 0.609000 0.150000 0.058000 0.078000
1 0.248000 0.974000 0.076000 0.050000
1 0.349000 0.422000 0.120000 0.086000
1 0.540500 0.639500 0.061000 0.073000
1 0.210500 0.641000 0.081000 0.070000
1 0.440000 0.709500 0.072000 0.061000