1 0.531500 0.279500 0.027000 0.041000
1 0.979000 0.755000 0.040000 0.040000
1 0.241000 0.971500 0.078000 0.055000
1 0.432000 0.767000 0.062000 0.048000
1 0.350500 0.719000 0.067000 0.080000
1 0.724000 0.244500 0.054000 0.045000
1 0.633500 0.402500 0.047000 0.033000
1 0.552000 0.841500 0.052000 0.105000
1 0.838000 0.981500 0.046000 0.035000
1 0.190500 0.409500 0.039000 0.051000
1 0.790500 0.149500 0.053000 0.059000
1 0.737000 0.723500 0.038000 0.043000
1 0.940500 0.823500 0.049000 0.053000
1 0.716500 0.164000 0.079000 0.038000
1 0.836500 0.619000 0.021000 0.062000
1 0.901500 0.679500 0.061000 0.069000
1 0.247500 0.894500 0.087000 0.041000
1 0.181500 0.453500 0.079000 0.037000
1 0.594500 0.753500 0.071000 0.059000
1 0.588000 0.649000 0.054000 0.070000
1 0.721000 0.319500 0.046000 0.021000
1 0.030500 0.517000 0.061000 0.068000
1 0.645000 0.768500 0.040000 0.057000
1 0.881000 0.751000 0.082000 0.056000
1 0.554500 0.339000 0.057000 0.048000
1 0.359000 0.208000 0.032000 0.042000
1 0.868500 0.466000 0.039000 0.052000
1 0.364500 0.555500 0.069000 0.039000
1 0.131500 0.975000 0.061000 0.048000
1 0.639000 0.904000 0.052000 0.052000
1 0.206500 0.123500 0.057000 0.057000
1 0.136000 0.292000 0.030000 0.046000
1 0.975500 0.715000 0.047000 0.040000
1 0.111500 0.488000 0.057000 0.052000
1 0.417500 0.593000 0.037000 0.048000
1 0.506000 0.958000 0.050000 0.082000
1 0.715500 0.536500 0.079000 0.035000
1 0.859000 0.338000 0.056000 0.046000
1 0.090000 0.554000 0.054000 0.082000
1 0.579500 0.962000 0.063000 0.054000
1 0.796000 0.681500 0.038000 0.059000
1 0.829500 0.890500 0.067000 0.067000
1 0.513000 0.786500 0.054000 0.051000
1 0.736500 0.612500 0.051000 0.051000
1 0.617500 0.469500 0.053000 0.053000
1 0.532000 0.617000 0.058000 0.044000
1 0.232000 0.828000 0.092000 0.064000
1 0.383000 0.093000 0.068000 0.044000
1 0.655000 0.666500 0.042000 0.065000
1 0.974500 0.538000 0.045000 0.056000
1 0.617500 0.838000 0.049000 0.088000
1 0.467000 0.400500 0.048000 0.059000
1 0.610000 0.558500 0.062000 0.081000
1 0.716000 0.440500 0.058000 0.049000
1 0.449000 0.284000 0.026000 0.086000
1 0.647500 0.594000 0.035000 0.042000
1 0.035500 0.977500 0.051000 0.043000
1 0.726500 0.661500 0.049000 0.051000