1 0.948500 0.138500 0.101000 0.081000
1 0.252000 0.705500 0.084000 0.091000
1 0.080000 0.781000 0.038000 0.064000
1 0.358500 0.851000 0.059000 0.120000
1 0.680000 0.045500 0.084000 0.067000
1 0.158000 0.844500 0.088000 0.103000
1 0.320500 0.507500 0.079000 0.095000
1 0.308500 0.926000 0.137000 0.084000
1 0.211000 0.400000 0.128000 0.080000
1 0.852000 0.105500 0.086000 0.073000
1 0.157500 0.466500 0.081000 0.093000
1 0.058500 0.967500 0.117000 0.063000
1 0.136000 0.550000 0.076000 0.090000
1 0.676500 0.678500 0.075000 0.097000
1 0.322500 0.438000 0.107000 0.060000
1 0.689500 0.892500 0.059000 0.071000
1 0.309000 0.261500 0.246000 0.203000
1 0.324000 0.801500 0.082000 0.095000