1 0.119000 0.169500 0.072000 0.057000
1 0.133000 0.697500 0.060000 0.065000
1 0.069000 0.876000 0.068000 0.054000
1 0.122000 0.817500 0.080000 0.081000
1 0.753500 0.731500 0.047000 0.059000
1 0.933500 0.300000 0.051000 0.050000
1 0.372000 0.963000 0.056000 0.046000
1 0.613500 0.546000 0.057000 0.056000
1 0.945000 0.166500 0.056000 0.055000
1 0.301500 0.418000 0.059000 0.052000
1 0.435000 0.466000 0.054000 0.078000
1 0.922000 0.203000 0.042000 0.042000
1 0.394500 0.862000 0.067000 0.068000
1 0.581000 0.638000 0.052000 0.070000
1 0.263500 0.959000 0.059000 0.064000
1 0.965500 0.941000 0.067000 0.074000
1 0.764500 0.439000 0.071000 0.042000
1 0.704500 0.884000 0.051000 0.054000
1 0.847500 0.681000 0.053000 0.054000
1 0.380000 0.155000 0.042000 0.044000
1 0.956500 0.547500 0.053000 0.047000
1 0.019500 0.829000 0.039000 0.064000
1 0.755000 0.588500 0.050000 0.051000
1 0.563000 0.742500 0.064000 0.085000
1 0.109500 0.594500 0.069000 0.071000
1 0.437000 0.884500 0.056000 0.055000
1 0.706500 0.695500 0.061000 0.045000
1 0.611500 0.096500 0.081000 0.067000
1 0.269500 0.472500 0.063000 0.069000
1 0.638000 0.260000 0.096000 0.068000
1 0.195500 0.583000 0.051000 0.064000
1 0.932500 0.724500 0.065000 0.059000
1 0.220000 0.721000 0.060000 0.064000
1 0.353000 0.216000 0.054000 0.044000
1 0.892500 0.436500 0.053000 0.045000
1 0.593500 0.410000 0.091000 0.072000
1 0.429000 0.170500 0.062000 0.059000
1 0.484500 0.602500 0.083000 0.071000
1 0.926000 0.126500 0.066000 0.071000
1 0.306000 0.661000 0.062000 0.034000
1 0.704000 0.651500 0.064000 0.037000
1 0.798000 0.966000 0.066000 0.066000
1 0.342000 0.571500 0.058000 0.081000
1 0.862000 0.212500 0.062000 0.061000
1 0.033500 0.949000 0.067000 0.076000
1 0.740500 0.105000 0.081000 0.066000
1 0.082000 0.655000 0.048000 0.054000
1 0.829500 0.261000 0.055000 0.054000
1 0.324000 0.145000 0.056000 0.066000
1 0.405500 0.657500 0.065000 0.065000
1 0.369000 0.188000 0.044000 0.044000
1 0.782000 0.498000 0.050000 0.036000
1 0.686000 0.071500 0.040000 0.059000
1 0.825500 0.782000 0.065000 0.046000
1 0.521000 0.042500 0.070000 0.081000
1 0.314000 0.906000 0.046000 0.054000
1 0.477500 0.127500 0.075000 0.075000
1 0.858000 0.399500 0.054000 0.061000
1 0.978000 0.450000 0.042000 0.060000
1 0.859000 0.623500 0.052000 0.061000
1 0.793500 0.351500 0.063000 0.051000