1 0.765500 0.097000 0.047000 0.036000
1 0.099000 0.330000 0.058000 0.042000
1 0.527000 0.154000 0.066000 0.052000
1 0.945000 0.411500 0.044000 0.075000
1 0.070500 0.866000 0.067000 0.068000
1 0.610500 0.249500 0.051000 0.033000
1 0.602500 0.320000 0.051000 0.038000
1 0.522000 0.313500 0.034000 0.057000
1 0.828500 0.117500 0.041000 0.033000
1 0.525500 0.243000 0.037000 0.044000
1 0.592500 0.154000 0.051000 0.038000
1 0.665500 0.173500 0.059000 0.059000
1 0.704500 0.427500 0.075000 0.053000
1 0.055500 0.489000 0.051000 0.034000
1 0.077000 0.793000 0.056000 0.062000
1 0.668500 0.655500 0.101000 0.137000
1 0.714500 0.089000 0.049000 0.040000
1 0.060500 0.179500 0.077000 0.067000
1 0.181500 0.329500 0.051000 0.015000
1 0.625000 0.580500 0.032000 0.043000
1 0.937500 0.900500 0.039000 0.069000
1 0.577500 0.059500 0.055000 0.045000
1 0.735000 0.185000 0.054000 0.060000
1 0.972000 0.730000 0.050000 0.062000
1 0.485500 0.404500 0.087000 0.079000
1 0.872500 0.882500 0.065000 0.065000
1 0.060000 0.081500 0.068000 0.079000
1 0.550500 0.985000 0.049000 0.028000
1 0.544000 0.788500 0.056000 0.065000
1 0.814500 0.211500 0.083000 0.065000
1 0.943000 0.081500 0.072000 0.055000
1 0.654000 0.067500 0.058000 0.041000
1 0.235000 0.722500 0.044000 0.049000
1 0.054000 0.233500 0.060000 0.033000
1 0.120000 0.266500 0.046000 0.035000
1 0.639000 0.738000 0.098000 0.056000
1 0.133000 0.215500 0.048000 0.061000
1 0.455500 0.291500 0.083000 0.071000
1 0.821500 0.277500 0.059000 0.051000
1 0.353000 0.080500 0.068000 0.041000
1 0.041000 0.975000 0.062000 0.048000
1 0.359500 0.177000 0.049000 0.030000
1 0.963500 0.520500 0.065000 0.053000
1 0.216500 0.281000 0.025000 0.044000
1 0.934000 0.206000 0.058000 0.068000
1 0.191000 0.018500 0.054000 0.037000
1 0.558000 0.688500 0.048000 0.051000
1 0.413000 0.430500 0.034000 0.059000
1 0.659500 0.328000 0.055000 0.040000
1 0.892500 0.769500 0.061000 0.075000
1 0.890500 0.648500 0.043000 0.047000
1 0.188500 0.109000 0.049000 0.052000
1 0.875000 0.828000 0.054000 0.040000
1 0.052500 0.334000 0.055000 0.122000
1 0.395000 0.601000 0.058000 0.056000
1 0.523500 0.921000 0.037000 0.032000
1 0.167000 0.147000 0.068000 0.050000
1 0.527500 0.852500 0.043000 0.037000
1 0.913500 0.299500 0.065000 0.039000
1 0.511000 0.062500 0.048000 0.029000
1 0.264500 0.314500 0.051000 0.035000
1 0.378500 0.273500 0.063000 0.055000
1 0.220500 0.190500 0.067000 0.053000
1 0.892000 0.686500 0.048000 0.029000
1 0.353500 0.037500 0.043000 0.053000
1 0.615000 0.620000 0.032000 0.044000
1 0.711000 0.212500 0.036000 0.043000
1 0.851500 0.082000 0.065000 0.056000
1 0.395500 0.052000 0.045000 0.062000