2 0.103000 0.262000 0.034000 0.036000
1 0.765500 0.408500 0.065000 0.049000
1 0.541000 0.871500 0.048000 0.047000
1 0.893000 0.045000 0.052000 0.038000
1 0.773500 0.114500 0.065000 0.069000
1 0.647000 0.022000 0.040000 0.044000
1 0.851500 0.114500 0.059000 0.045000
1 0.311000 0.937500 0.064000 0.061000
1 0.074000 0.338000 0.024000 0.032000
1 0.377000 0.442000 0.052000 0.042000
1 0.383500 0.257500 0.061000 0.059000
1 0.213500 0.387000 0.045000 0.046000
1 0.294000 0.877500 0.090000 0.067000
1 0.206500 0.327000 0.045000 0.040000
1 0.697000 0.740000 0.058000 0.052000
1 0.308000 0.135500 0.068000 0.069000
1 0.377000 0.949500 0.054000 0.049000
1 0.722500 0.336500 0.049000 0.049000
1 0.904500 0.384000 0.081000 0.058000
1 0.254000 0.125000 0.086000 0.128000
1 0.575000 0.564000 0.060000 0.060000
2 0.635500 0.140500 0.031000 0.035000
1 0.575000 0.477500 0.076000 0.045000
1 0.446500 0.834500 0.041000 0.049000
1 0.457000 0.774500 0.068000 0.063000
1 0.978000 0.072500 0.042000 0.047000
1 0.538000 0.297500 0.048000 0.039000
2 0.794000 0.363500 0.050000 0.035000
1 0.810000 0.018500 0.050000 0.037000
1 0.862000 0.437000 0.062000 0.066000
1 0.234500 0.251500 0.049000 0.043000
1 0.633500 0.221000 0.057000 0.034000
1 0.693500 0.410000 0.043000 0.046000
2 0.444500 0.431500 0.047000 0.051000
2 0.663500 0.172000 0.039000 0.030000
1 0.405000 0.603500 0.066000 0.081000
1 0.056500 0.384000 0.049000 0.052000
1 0.673000 0.815000 0.046000 0.040000
1 0.575500 0.370500 0.065000 0.055000
1 0.427000 0.329000 0.054000 0.048000
1 0.494500 0.799000 0.045000 0.066000
1 0.978500 0.327500 0.041000 0.039000
1 0.646000 0.594500 0.064000 0.049000
2 0.728000 0.044500 0.042000 0.033000
1 0.956000 0.592500 0.058000 0.053000
2 0.133000 0.233500 0.028000 0.023000