1 0.354000 0.178000 0.084000 0.076000
1 0.116000 0.200000 0.092000 0.076000
1 0.285000 0.856000 0.046000 0.064000
1 0.417000 0.359000 0.070000 0.050000
1 0.601000 0.301000 0.070000 0.070000
1 0.962000 0.133000 0.068000 0.090000
1 0.262000 0.422000 0.064000 0.064000
1 0.141000 0.296000 0.054000 0.064000
1 0.378000 0.310000 0.076000 0.068000
1 0.954000 0.042000 0.084000 0.072000
1 0.274000 0.524000 0.056000 0.056000
1 0.444000 0.050000 0.056000 0.080000
1 0.506000 0.304000 0.072000 0.064000
1 0.523000 0.847000 0.070000 0.058000
1 0.559000 0.587000 0.082000 0.026000
1 0.079000 0.406000 0.074000 0.068000
1 0.468000 0.487000 0.076000 0.098000
1 0.699000 0.116000 0.046000 0.072000
1 0.558000 0.647000 0.096000 0.078000
1 0.571000 0.164000 0.086000 0.088000
1 0.426000 0.851000 0.100000 0.074000
1 0.639000 0.060000 0.062000 0.044000
1 0.423000 0.642000 0.082000 0.072000
1 0.043000 0.099000 0.082000 0.078000
1 0.708000 0.179000 0.048000 0.062000
1 0.601000 0.859000 0.054000 0.042000
1 0.168000 0.853000 0.068000 0.058000
1 0.519000 0.899000 0.074000 0.034000
1 0.203000 0.175000 0.094000 0.070000
1 0.480000 0.170000 0.064000 0.056000
1 0.185000 0.067000 0.090000 0.094000
1 0.160000 0.481000 0.080000 0.050000
1 0.646000 0.131000 0.068000 0.062000
1 0.135000 0.243000 0.090000 0.046000
1 0.178000 0.541000 0.064000 0.062000