1 0.069000 0.082500 0.052000 0.053000
1 0.262000 0.288500 0.054000 0.059000
1 0.601000 0.649000 0.048000 0.048000
1 0.477500 0.041000 0.059000 0.040000
1 0.704000 0.045500 0.062000 0.059000
1 0.873500 0.124000 0.059000 0.046000
1 0.977000 0.577000 0.044000 0.072000
1 0.518000 0.395500 0.044000 0.049000
1 0.626500 0.150500 0.057000 0.067000
1 0.139000 0.052000 0.054000 0.040000
1 0.072500 0.497500 0.027000 0.045000
1 0.364500 0.976500 0.051000 0.045000
1 0.686500 0.166500 0.049000 0.051000
1 0.900500 0.093000 0.063000 0.064000
1 0.652000 0.461500 0.058000 0.075000
1 0.094000 0.349500 0.056000 0.053000
1 0.483500 0.448000 0.065000 0.064000
1 0.230500 0.143000 0.061000 0.046000
1 0.084000 0.199000 0.046000 0.040000
1 0.803000 0.284000 0.092000 0.078000
1 0.292500 0.262500 0.037000 0.061000