1 0.262500 0.378500 0.109000 0.059000
1 0.892500 0.464000 0.123000 0.120000
1 0.628000 0.421500 0.096000 0.149000
1 0.106500 0.131500 0.085000 0.067000
1 0.299500 0.461000 0.115000 0.126000
1 0.283000 0.136500 0.106000 0.091000
1 0.462500 0.138500 0.101000 0.085000
1 0.583500 0.788000 0.067000 0.070000
1 0.166000 0.412000 0.036000 0.086000
1 0.604500 0.165000 0.083000 0.156000
1 0.457000 0.461000 0.154000 0.084000
1 0.894500 0.352500 0.123000 0.107000
1 0.876000 0.875000 0.102000 0.046000
1 0.888500 0.135000 0.109000 0.126000
1 0.902000 0.711500 0.116000 0.059000
1 0.405000 0.809000 0.104000 0.088000