1 0.937000 0.636500 0.050000 0.059000
1 0.096000 0.740000 0.054000 0.048000
1 0.158500 0.688000 0.055000 0.044000
1 0.093500 0.900500 0.053000 0.059000
1 0.786500 0.965000 0.061000 0.042000
1 0.406500 0.045000 0.119000 0.090000
1 0.667000 0.493500 0.072000 0.067000
1 0.520500 0.551500 0.049000 0.041000
1 0.538500 0.454000 0.061000 0.048000
1 0.495500 0.395000 0.051000 0.050000
1 0.291500 0.572000 0.053000 0.042000
1 0.476000 0.428000 0.048000 0.046000
1 0.431500 0.374000 0.041000 0.042000
1 0.652500 0.960000 0.043000 0.038000
1 0.796500 0.869500 0.047000 0.067000
1 0.651500 0.867000 0.043000 0.036000
1 0.339000 0.262500 0.042000 0.057000
1 0.303000 0.246000 0.036000 0.038000
1 0.153000 0.312500 0.052000 0.033000
1 0.232000 0.422000 0.054000 0.052000
1 0.253500 0.678500 0.071000 0.081000
1 0.110000 0.824000 0.050000 0.062000
1 0.368000 0.891000 0.066000 0.040000
1 0.231000 0.306000 0.062000 0.046000
1 0.906000 0.544500 0.060000 0.059000
1 0.812000 0.765500 0.048000 0.061000
1 0.156000 0.423000 0.056000 0.056000
1 0.050500 0.723500 0.047000 0.051000
1 0.331500 0.303000 0.053000 0.046000
1 0.209000 0.979500 0.062000 0.039000
1 0.364500 0.768000 0.057000 0.062000
1 0.590500 0.444500 0.063000 0.073000
1 0.864500 0.949000 0.067000 0.054000
1 0.190500 0.206500 0.071000 0.055000
1 0.144000 0.736000 0.054000 0.062000