1 0.482000 0.321500 0.068000 0.071000
1 0.857000 0.107000 0.032000 0.076000
1 0.240000 0.136000 0.048000 0.048000
1 0.136000 0.138500 0.080000 0.069000
1 0.578000 0.374000 0.030000 0.058000
1 0.344000 0.132000 0.058000 0.100000
1 0.948500 0.147500 0.033000 0.051000
1 0.904500 0.697500 0.057000 0.079000
1 0.908500 0.094000 0.037000 0.050000
1 0.500000 0.208000 0.064000 0.048000
1 0.936500 0.271000 0.073000 0.078000
1 0.596000 0.168000 0.064000 0.048000
1 0.814000 0.703000 0.062000 0.074000
1 0.624000 0.678500 0.068000 0.081000
1 0.798000 0.162000 0.160000 0.034000
1 0.487500 0.689000 0.057000 0.090000
1 0.942500 0.379500 0.073000 0.081000
1 0.780500 0.136500 0.123000 0.033000
1 0.482500 0.133500 0.057000 0.043000
1 0.596000 0.062000 0.048000 0.050000
1 0.928500 0.042500 0.055000 0.043000
1 0.910000 0.148000 0.036000 0.040000
1 0.634500 0.971500 0.067000 0.055000
1 0.197500 0.132000 0.049000 0.088000
1 0.418000 0.117000 0.052000 0.080000
1 0.065000 0.863500 0.050000 0.043000
1 0.639500 0.065000 0.035000 0.066000
1 0.878500 0.373000 0.041000 0.100000
1 0.634000 0.463500 0.056000 0.093000
1 0.294000 0.129500 0.048000 0.073000
1 0.500500 0.422000 0.051000 0.038000
1 0.653500 0.300000 0.057000 0.078000
1 0.694500 0.084500 0.049000 0.111000
1 0.522000 0.574000 0.046000 0.048000
1 0.652000 0.380000 0.080000 0.040000
1 0.462500 0.542500 0.075000 0.063000
1 0.611000 0.596000 0.046000 0.038000
1 0.493000 0.079500 0.046000 0.065000
1 0.335500 0.908500 0.089000 0.053000
1 0.116000 0.514000 0.072000 0.084000
1 0.777000 0.246000 0.128000 0.080000
1 0.158500 0.358000 0.045000 0.054000
1 0.267000 0.455500 0.080000 0.051000
1 0.492500 0.171000 0.049000 0.032000
1 0.554500 0.081000 0.045000 0.072000
1 0.348500 0.289000 0.057000 0.062000