1 0.968000 0.336000 0.056000 0.048000
1 0.210000 0.366000 0.056000 0.056000
1 0.039000 0.656000 0.078000 0.080000
1 0.830000 0.206000 0.056000 0.084000
1 0.255000 0.921000 0.094000 0.086000
1 0.526000 0.430000 0.060000 0.040000
1 0.946000 0.046000 0.056000 0.064000
1 0.894000 0.029000 0.052000 0.058000
1 0.642000 0.295000 0.072000 0.050000
1 0.320000 0.105000 0.060000 0.054000
1 0.142000 0.509000 0.068000 0.074000
1 0.755000 0.977000 0.066000 0.042000
1 0.131000 0.869000 0.082000 0.078000
1 0.409000 0.099000 0.074000 0.066000
1 0.809000 0.052000 0.054000 0.056000
1 0.224000 0.840000 0.092000 0.080000
1 0.579000 0.762000 0.066000 0.048000
1 0.558000 0.028000 0.064000 0.052000
1 0.433000 0.683000 0.058000 0.058000
1 0.153000 0.950000 0.074000 0.072000
1 0.828000 0.017000 0.060000 0.034000
1 0.298000 0.485000 0.056000 0.058000
1 0.276000 0.648000 0.060000 0.068000
1 0.905000 0.151000 0.062000 0.058000
2 0.414000 0.376000 0.056000 0.052000
1 0.663000 0.607000 0.070000 0.066000
1 0.862000 0.523000 0.088000 0.070000
1 0.145000 0.646000 0.078000 0.080000
1 0.269000 0.323000 0.098000 0.086000
1 0.508000 0.574000 0.144000 0.076000
1 0.360000 0.922000 0.096000 0.116000
1 0.721000 0.323000 0.062000 0.074000
1 0.646000 0.146000 0.060000 0.064000
1 0.314000 0.784000 0.092000 0.120000
1 0.860000 0.656000 0.088000 0.072000
1 0.594000 0.676000 0.076000 0.064000
1 0.764000 0.651000 0.056000 0.074000
1 0.612000 0.953000 0.108000 0.086000
1 0.369000 0.616000 0.070000 0.076000
1 0.769000 0.150000 0.062000 0.064000