1 0.222000 0.812000 0.080000 0.090000
1 0.034500 0.455500 0.069000 0.071000
1 0.035500 0.268000 0.051000 0.046000
1 0.957500 0.535000 0.043000 0.048000
1 0.717500 0.843000 0.045000 0.050000
1 0.700000 0.916500 0.054000 0.059000
2 0.697000 0.082500 0.042000 0.049000
1 0.217000 0.652000 0.066000 0.054000
1 0.928500 0.648500 0.045000 0.051000
1 0.542000 0.692500 0.058000 0.043000
1 0.286500 0.467500 0.067000 0.063000
1 0.815500 0.685500 0.053000 0.045000
1 0.148500 0.430000 0.051000 0.054000
1 0.162500 0.645000 0.065000 0.056000
1 0.886000 0.701000 0.052000 0.056000
1 0.461000 0.614000 0.056000 0.070000
1 0.412500 0.540000 0.071000 0.064000
1 0.378000 0.971000 0.082000 0.056000
1 0.234000 0.505000 0.056000 0.048000
1 0.116000 0.492500 0.066000 0.051000
1 0.270500 0.692500 0.045000 0.059000
1 0.791000 0.198000 0.042000 0.056000
1 0.333500 0.376000 0.063000 0.054000
1 0.089000 0.618000 0.082000 0.062000
2 0.019500 0.909000 0.039000 0.048000
1 0.612000 0.966000 0.058000 0.046000
1 0.118500 0.747500 0.045000 0.043000
1 0.277500 0.930500 0.069000 0.059000
1 0.316500 0.838500 0.057000 0.043000