1 0.714500 0.510000 0.051000 0.062000
1 0.940500 0.956500 0.055000 0.041000
1 0.947500 0.708000 0.047000 0.048000
1 0.767500 0.546500 0.057000 0.047000
1 0.895500 0.773000 0.047000 0.052000
1 0.770500 0.695500 0.049000 0.045000
1 0.900500 0.709000 0.021000 0.052000
1 0.774000 0.854000 0.056000 0.042000
1 0.131000 0.902500 0.076000 0.057000
1 0.927000 0.199500 0.050000 0.035000
1 0.629000 0.038000 0.046000 0.044000
1 0.684500 0.591000 0.039000 0.086000
1 0.516000 0.889000 0.064000 0.056000
1 0.820500 0.293000 0.097000 0.076000
1 0.592500 0.487000 0.047000 0.030000
1 0.034000 0.900000 0.068000 0.162000
1 0.569000 0.623000 0.068000 0.052000
1 0.765500 0.766000 0.053000 0.028000