1 0.763000 0.433500 0.080000 0.079000
1 0.792500 0.364500 0.061000 0.065000
1 0.951000 0.093500 0.062000 0.085000
1 0.595000 0.248500 0.058000 0.059000
1 0.558500 0.414000 0.051000 0.052000
1 0.029500 0.402500 0.059000 0.049000
1 0.557000 0.610000 0.064000 0.070000
1 0.868000 0.783000 0.060000 0.062000
1 0.026500 0.111000 0.053000 0.046000
1 0.677500 0.786500 0.063000 0.065000
1 0.738000 0.218000 0.062000 0.058000
1 0.413500 0.291000 0.051000 0.072000
1 0.264000 0.978000 0.076000 0.042000
1 0.673000 0.156000 0.058000 0.060000
1 0.511000 0.482000 0.052000 0.050000
1 0.376500 0.353000 0.059000 0.058000
1 0.151500 0.397000 0.049000 0.048000
1 0.601000 0.449500 0.070000 0.059000
1 0.835500 0.870500 0.069000 0.065000
1 0.734500 0.271000 0.055000 0.054000
1 0.626500 0.389000 0.081000 0.076000
1 0.217000 0.854500 0.076000 0.069000
1 0.511000 0.546000 0.064000 0.054000
1 0.189000 0.975500 0.066000 0.047000
1 0.650000 0.631000 0.080000 0.068000
1 0.739500 0.924500 0.061000 0.047000
1 0.905500 0.462500 0.059000 0.043000
1 0.683000 0.330500 0.054000 0.049000
1 0.498500 0.903000 0.091000 0.084000
1 0.449500 0.716500 0.055000 0.057000
1 0.024000 0.349000 0.044000 0.044000
1 0.833000 0.136000 0.048000 0.046000
1 0.628500 0.218000 0.055000 0.060000
1 0.915000 0.170000 0.056000 0.072000
1 0.795500 0.741000 0.041000 0.054000
1 0.647500 0.104000 0.051000 0.036000
1 0.865000 0.256500 0.074000 0.081000
1 0.659000 0.966000 0.062000 0.066000
1 0.307500 0.879000 0.049000 0.048000
1 0.949500 0.646500 0.045000 0.059000
1 0.624500 0.536500 0.055000 0.055000
1 0.224000 0.792000 0.062000 0.052000
1 0.781500 0.164000 0.055000 0.060000
1 0.568500 0.953500 0.049000 0.049000
1 0.377000 0.621500 0.088000 0.075000
1 0.099500 0.123500 0.055000 0.045000
1 0.326000 0.448500 0.034000 0.049000
1 0.623500 0.840500 0.057000 0.061000
1 0.748500 0.642000 0.059000 0.078000
1 0.546500 0.253000 0.045000 0.054000
1 0.541000 0.454500 0.050000 0.055000
1 0.789000 0.041000 0.046000 0.046000
1 0.788000 0.233500 0.056000 0.063000
1 0.823000 0.185000 0.062000 0.054000
1 0.969000 0.774500 0.048000 0.057000