1 0.615000 0.889500 0.064000 0.059000
1 0.595500 0.827000 0.053000 0.060000
1 0.192500 0.897000 0.035000 0.054000
1 0.726000 0.595000 0.072000 0.078000
1 0.339500 0.552500 0.049000 0.023000
1 0.306500 0.071500 0.053000 0.037000
1 0.667500 0.627000 0.035000 0.056000
1 0.656000 0.382000 0.084000 0.106000
1 0.112000 0.893000 0.048000 0.042000
1 0.302000 0.808500 0.042000 0.055000
1 0.302000 0.747000 0.038000 0.020000
1 0.766000 0.962500 0.040000 0.043000
1 0.117000 0.268000 0.080000 0.066000
1 0.744000 0.513000 0.134000 0.082000
1 0.826000 0.920500 0.090000 0.105000
1 0.173500 0.467500 0.049000 0.059000
1 0.025500 0.609500 0.051000 0.053000
1 0.099500 0.498500 0.057000 0.051000
1 0.201500 0.052000 0.045000 0.046000
1 0.478500 0.624500 0.043000 0.059000
1 0.095000 0.548500 0.052000 0.033000
1 0.354000 0.758000 0.034000 0.046000
1 0.278500 0.489000 0.067000 0.044000
1 0.101000 0.105000 0.096000 0.104000
1 0.110000 0.747500 0.056000 0.059000
1 0.476500 0.696000 0.057000 0.068000
1 0.403000 0.903000 0.064000 0.074000
1 0.507500 0.387000 0.049000 0.074000
1 0.269500 0.852000 0.085000 0.030000
1 0.247000 0.894500 0.068000 0.051000
1 0.232500 0.823500 0.067000 0.029000
1 0.624000 0.751000 0.062000 0.064000
1 0.629000 0.684000 0.052000 0.038000
1 0.356000 0.318500 0.054000 0.029000