1 0.291000 0.147000 0.090000 0.066000
1 0.347000 0.378000 0.058000 0.060000
1 0.169000 0.040000 0.114000 0.080000
1 0.961000 0.843000 0.074000 0.070000
1 0.377000 0.514000 0.062000 0.052000
1 0.190000 0.926000 0.072000 0.072000
1 0.911000 0.360000 0.070000 0.084000
1 0.200000 0.660000 0.080000 0.068000
1 0.823000 0.908000 0.090000 0.064000
1 0.273000 0.601000 0.078000 0.070000
1 0.142000 0.973000 0.064000 0.050000
1 0.116000 0.548000 0.064000 0.064000
2 0.114000 0.764000 0.064000 0.064000
1 0.314000 0.854000 0.064000 0.076000
1 0.529000 0.332000 0.058000 0.064000
1 0.447000 0.396000 0.062000 0.068000
1 0.723000 0.357000 0.074000 0.050000
1 0.253000 0.334000 0.042000 0.056000
1 0.878000 0.493000 0.056000 0.046000
1 0.465000 0.501000 0.054000 0.054000
1 0.812000 0.698000 0.072000 0.056000
1 0.042000 0.831000 0.080000 0.082000
1 0.350000 0.442000 0.088000 0.068000
1 0.775000 0.266000 0.054000 0.064000
1 0.589000 0.717000 0.090000 0.070000
1 0.178000 0.756000 0.068000 0.064000
1 0.821000 0.793000 0.078000 0.054000
1 0.707000 0.140000 0.070000 0.072000
1 0.532000 0.588000 0.060000 0.064000
1 0.630000 0.078000 0.096000 0.108000
1 0.399000 0.296000 0.066000 0.088000
1 0.928000 0.672000 0.052000 0.060000
1 0.211000 0.492000 0.114000 0.084000
1 0.902000 0.777000 0.080000 0.058000
1 0.648000 0.167000 0.052000 0.054000
1 0.243000 0.887000 0.074000 0.066000
1 0.858000 0.605000 0.052000 0.058000
1 0.315000 0.304000 0.066000 0.052000
1 0.154000 0.299000 0.052000 0.058000
1 0.516000 0.926000 0.088000 0.092000
1 0.119000 0.215000 0.054000 0.054000
1 0.755000 0.535000 0.118000 0.086000
1 0.020000 0.248000 0.040000 0.052000
1 0.948000 0.456000 0.056000 0.084000
1 0.102000 0.673000 0.072000 0.062000