1 0.787500 0.054500 0.057000 0.045000
1 0.691000 0.738000 0.050000 0.056000
1 0.972000 0.728000 0.048000 0.044000
1 0.534500 0.753500 0.047000 0.041000
1 0.025500 0.949500 0.051000 0.045000
1 0.796500 0.775000 0.045000 0.040000
1 0.074000 0.033500 0.034000 0.045000
1 0.086500 0.320000 0.045000 0.038000
1 0.363500 0.697000 0.041000 0.042000
1 0.099500 0.148000 0.041000 0.042000
1 0.662000 0.375500 0.040000 0.045000
1 0.725500 0.477500 0.051000 0.047000
1 0.042500 0.513000 0.051000 0.052000
1 0.309500 0.204500 0.045000 0.045000
1 0.274000 0.069000 0.054000 0.038000
1 0.213500 0.880000 0.053000 0.042000
1 0.159000 0.535000 0.044000 0.050000
1 0.549000 0.825500 0.050000 0.063000
1 0.219000 0.353000 0.048000 0.054000
1 0.277000 0.444000 0.048000 0.056000
1 0.907000 0.614000 0.062000 0.048000
1 0.431000 0.916000 0.054000 0.068000
1 0.057000 0.080000 0.044000 0.032000
1 0.022500 0.034500 0.043000 0.055000
1 0.022000 0.085500 0.044000 0.055000
1 0.976500 0.880000 0.045000 0.060000
1 0.927000 0.869000 0.062000 0.064000
1 0.559000 0.650500 0.054000 0.051000
1 0.239500 0.533000 0.059000 0.076000
1 0.402000 0.962500 0.054000 0.049000
1 0.623500 0.015500 0.045000 0.031000
1 0.893000 0.686500 0.058000 0.043000
1 0.091500 0.261000 0.059000 0.060000
1 0.907500 0.435000 0.055000 0.054000
1 0.761500 0.132000 0.069000 0.060000
1 0.891500 0.119000 0.049000 0.048000
1 0.113500 0.471000 0.051000 0.038000
1 0.881500 0.194000 0.065000 0.062000
1 0.176000 0.484000 0.062000 0.054000
1 0.531500 0.927000 0.057000 0.056000
1 0.433500 0.820000 0.047000 0.062000
1 0.215500 0.640500 0.043000 0.055000
1 0.515000 0.018500 0.050000 0.037000
1 0.841500 0.550500 0.049000 0.057000
1 0.836000 0.112000 0.046000 0.050000
1 0.558000 0.072500 0.046000 0.051000
1 0.597500 0.554000 0.061000 0.054000
1 0.618500 0.052500 0.061000 0.051000
1 0.628000 0.698500 0.048000 0.039000
1 0.753500 0.728000 0.049000 0.048000
1 0.111000 0.104500 0.050000 0.041000
1 0.794500 0.242000 0.051000 0.048000
1 0.485500 0.524500 0.071000 0.053000
1 0.850500 0.034000 0.065000 0.048000
1 0.248500 0.130500 0.049000 0.057000
1 0.333500 0.959500 0.057000 0.049000
1 0.760000 0.374000 0.052000 0.042000
1 0.240000 0.251000 0.054000 0.054000
1 0.103500 0.949000 0.067000 0.048000
1 0.361500 0.587000 0.059000 0.050000
1 0.015500 0.152500 0.031000 0.039000