1 0.732000 0.839000 0.052000 0.054000
1 0.096000 0.598000 0.088000 0.088000
1 0.607000 0.888000 0.074000 0.064000
1 0.492000 0.765000 0.084000 0.078000
1 0.406000 0.571000 0.052000 0.066000
1 0.546000 0.710000 0.064000 0.060000
1 0.251000 0.176000 0.054000 0.052000
1 0.792000 0.889000 0.068000 0.074000
1 0.576000 0.420000 0.072000 0.064000
1 0.321000 0.753000 0.050000 0.062000
1 0.871000 0.825000 0.058000 0.058000
1 0.369000 0.556000 0.046000 0.064000
1 0.891000 0.923000 0.054000 0.058000
1 0.330000 0.102000 0.076000 0.080000
1 0.449000 0.384000 0.054000 0.056000
1 0.307000 0.019000 0.062000 0.038000
1 0.551000 0.131000 0.098000 0.082000
1 0.442000 0.520000 0.064000 0.076000
1 0.168000 0.301000 0.068000 0.070000
1 0.493000 0.422000 0.054000 0.048000
1 0.393000 0.477000 0.054000 0.054000
1 0.316000 0.409000 0.064000 0.062000
1 0.935000 0.068000 0.086000 0.084000
1 0.255000 0.376000 0.070000 0.068000
1 0.116000 0.348000 0.044000 0.036000
1 0.200000 0.215000 0.088000 0.086000
1 0.227000 0.920000 0.078000 0.072000
1 0.949000 0.964000 0.074000 0.068000
1 0.019000 0.835000 0.038000 0.066000
1 0.618000 0.492000 0.072000 0.084000
1 0.049000 0.340000 0.066000 0.056000
1 0.229000 0.747000 0.090000 0.082000
1 0.440000 0.828000 0.076000 0.064000
1 0.585000 0.583000 0.110000 0.094000
1 0.416000 0.658000 0.064000 0.072000
1 0.832000 0.985000 0.056000 0.026000
1 0.811000 0.307000 0.070000 0.066000
1 0.860000 0.694000 0.064000 0.056000
1 0.071000 0.974000 0.086000 0.048000
1 0.639000 0.762000 0.070000 0.068000
1 0.952000 0.598000 0.076000 0.060000
1 0.101000 0.314000 0.038000 0.048000
1 0.698000 0.176000 0.064000 0.072000
1 0.241000 0.576000 0.078000 0.072000