1 0.507000 0.093000 0.106000 0.122000
1 0.732000 0.470000 0.060000 0.080000
1 0.682000 0.619000 0.080000 0.102000
2 0.971000 0.956000 0.054000 0.080000
1 0.751000 0.313000 0.054000 0.066000
1 0.798000 0.881000 0.100000 0.066000
1 0.293000 0.259000 0.086000 0.066000
1 0.205000 0.504000 0.082000 0.068000
1 0.202000 0.207000 0.084000 0.070000
1 0.045000 0.289000 0.066000 0.070000
1 0.682000 0.853000 0.096000 0.074000
1 0.780000 0.159000 0.076000 0.094000
1 0.049000 0.086000 0.078000 0.080000
1 0.164000 0.420000 0.064000 0.068000
1 0.503000 0.973000 0.066000 0.050000
1 0.027000 0.385000 0.054000 0.094000
2 0.353000 0.661000 0.050000 0.038000
1 0.572000 0.872000 0.072000 0.104000