1 0.676000 0.946000 0.096000 0.062000
1 0.841500 0.368500 0.089000 0.079000
1 0.957000 0.446000 0.084000 0.100000
1 0.779000 0.974500 0.092000 0.049000
1 0.899500 0.604500 0.085000 0.111000
1 0.094500 0.766000 0.095000 0.070000
1 0.877000 0.034500 0.078000 0.045000
1 0.780000 0.810000 0.054000 0.050000
1 0.158000 0.303000 0.078000 0.082000
1 0.459500 0.459000 0.075000 0.086000
1 0.412000 0.868500 0.074000 0.063000
1 0.571000 0.543500 0.098000 0.079000
1 0.497000 0.485500 0.058000 0.061000
1 0.050000 0.248500 0.096000 0.089000
1 0.500000 0.866500 0.084000 0.099000
1 0.425500 0.082500 0.045000 0.037000
1 0.697500 0.333500 0.101000 0.085000
1 0.023500 0.452500 0.047000 0.083000
1 0.191500 0.793500 0.093000 0.081000
1 0.253500 0.024000 0.069000 0.048000