1 0.151000 0.078500 0.154000 0.137000
1 0.583000 0.022000 0.062000 0.044000
1 0.253500 0.099000 0.099000 0.084000
1 0.386500 0.196000 0.083000 0.066000
1 0.046000 0.139000 0.092000 0.156000
1 0.353000 0.040500 0.134000 0.081000
1 0.722500 0.104500 0.111000 0.091000
1 0.336500 0.394500 0.091000 0.075000
1 0.503000 0.256500 0.146000 0.123000
1 0.836000 0.846500 0.086000 0.059000
1 0.483500 0.061500 0.081000 0.073000
1 0.622500 0.121500 0.055000 0.047000
1 0.238500 0.723500 0.049000 0.053000
1 0.493000 0.748000 0.076000 0.098000
1 0.140500 0.483500 0.069000 0.053000
1 0.379000 0.946000 0.050000 0.050000
1 0.048000 0.432500 0.038000 0.043000
1 0.194000 0.739500 0.050000 0.041000
1 0.688000 0.393500 0.136000 0.129000
1 0.170500 0.795500 0.049000 0.051000
2 0.349500 0.808500 0.043000 0.041000
1 0.160000 0.687500 0.064000 0.061000
1 0.773500 0.286500 0.061000 0.061000
1 0.514500 0.164500 0.045000 0.049000
1 0.046500 0.489500 0.063000 0.049000
1 0.228500 0.232500 0.055000 0.051000
1 0.554500 0.078000 0.061000 0.054000
1 0.243500 0.033000 0.093000 0.062000
1 0.278000 0.640500 0.060000 0.047000
1 0.137500 0.397500 0.059000 0.033000
2 0.973000 0.187000 0.032000 0.044000
1 0.092500 0.310000 0.057000 0.048000
1 0.609000 0.743500 0.072000 0.083000
1 0.527000 0.503000 0.064000 0.052000