1 0.226000 0.690000 0.040000 0.042000
1 0.529000 0.197500 0.064000 0.051000
1 0.030000 0.073000 0.060000 0.064000
1 0.591000 0.600500 0.050000 0.051000
1 0.744000 0.448000 0.044000 0.032000
1 0.829000 0.148000 0.062000 0.076000
1 0.646000 0.739500 0.044000 0.055000
1 0.452500 0.902500 0.059000 0.067000
1 0.172000 0.061000 0.050000 0.044000
1 0.172000 0.875500 0.034000 0.045000
1 0.314500 0.778000 0.055000 0.046000
1 0.377500 0.877500 0.079000 0.069000
1 0.904500 0.762000 0.061000 0.064000
1 0.766500 0.509500 0.029000 0.039000
1 0.610000 0.541000 0.060000 0.058000
1 0.707000 0.109500 0.062000 0.075000
1 0.438500 0.983500 0.057000 0.031000
1 0.175500 0.322000 0.043000 0.042000
1 0.788500 0.285000 0.055000 0.048000
1 0.030500 0.233500 0.061000 0.059000
1 0.678500 0.029500 0.053000 0.057000
1 0.239500 0.594000 0.041000 0.044000
1 0.227000 0.780000 0.062000 0.058000
1 0.587500 0.048000 0.061000 0.050000
1 0.379000 0.226500 0.056000 0.069000
1 0.960500 0.165000 0.077000 0.090000
1 0.125000 0.667500 0.044000 0.063000
1 0.597000 0.427000 0.066000 0.054000
1 0.253500 0.533500 0.067000 0.055000
1 0.582500 0.878000 0.049000 0.058000
1 0.209000 0.634500 0.046000 0.037000
1 0.948500 0.681000 0.057000 0.060000
1 0.506500 0.693500 0.055000 0.057000
1 0.555500 0.945000 0.059000 0.068000
1 0.410000 0.141000 0.046000 0.046000
1 0.151000 0.800500 0.050000 0.057000
1 0.420500 0.735500 0.055000 0.061000
1 0.409500 0.645000 0.073000 0.080000
1 0.611500 0.810000 0.051000 0.066000
1 0.832000 0.038500 0.066000 0.077000
1 0.089000 0.290500 0.054000 0.049000
1 0.685500 0.947000 0.071000 0.080000
1 0.920500 0.342500 0.055000 0.063000
1 0.946500 0.976000 0.065000 0.046000
1 0.849500 0.632500 0.061000 0.077000
1 0.630000 0.176000 0.056000 0.074000
1 0.435500 0.574500 0.071000 0.075000
1 0.325000 0.026000 0.062000 0.052000
1 0.035500 0.192000 0.053000 0.048000
1 0.834500 0.975500 0.057000 0.047000
1 0.380500 0.557500 0.049000 0.067000
1 0.230000 0.987000 0.038000 0.024000
1 0.942000 0.274500 0.050000 0.059000
1 0.465500 0.464500 0.059000 0.059000
1 0.888000 0.510000 0.126000 0.090000
1 0.860500 0.849500 0.077000 0.057000
1 0.358000 0.970500 0.052000 0.043000