1 0.915500 0.240000 0.063000 0.052000
1 0.368000 0.977000 0.046000 0.044000
1 0.197500 0.970500 0.053000 0.043000
1 0.533500 0.708000 0.049000 0.042000
1 0.027000 0.248000 0.054000 0.054000
1 0.657000 0.609000 0.068000 0.070000
1 0.451000 0.534000 0.066000 0.064000
1 0.818000 0.130000 0.092000 0.064000
1 0.201500 0.328500 0.065000 0.057000
1 0.100000 0.362500 0.066000 0.061000
1 0.908000 0.147500 0.060000 0.059000
1 0.965000 0.649500 0.064000 0.063000
1 0.040000 0.077000 0.066000 0.062000
1 0.969500 0.444000 0.055000 0.052000
1 0.223000 0.615000 0.042000 0.040000
1 0.857000 0.928000 0.054000 0.040000
1 0.540000 0.211500 0.066000 0.043000
1 0.234500 0.567000 0.047000 0.046000
1 0.462500 0.620000 0.069000 0.064000
1 0.316500 0.208000 0.071000 0.056000
1 0.510500 0.901000 0.043000 0.064000
1 0.560000 0.085000 0.072000 0.072000
1 0.443000 0.701500 0.064000 0.059000
1 0.934000 0.361500 0.072000 0.057000
1 0.657500 0.232500 0.053000 0.075000
1 0.149000 0.079500 0.062000 0.057000
1 0.206500 0.247500 0.079000 0.081000
1 0.023000 0.567500 0.042000 0.071000
1 0.526500 0.983000 0.055000 0.032000
1 0.595500 0.651500 0.065000 0.059000
1 0.864000 0.830500 0.054000 0.057000
1 0.229000 0.454500 0.040000 0.057000
1 0.248500 0.859000 0.093000 0.078000
1 0.957500 0.884000 0.059000 0.044000
1 0.279500 0.976000 0.051000 0.046000
1 0.632000 0.544000 0.074000 0.054000
1 0.349500 0.540500 0.069000 0.071000
1 0.356500 0.838000 0.079000 0.056000
1 0.096000 0.236500 0.064000 0.049000
1 0.733000 0.950500 0.050000 0.079000
1 0.721000 0.771000 0.070000 0.052000
1 0.750500 0.835500 0.079000 0.043000
1 0.560000 0.491000 0.052000 0.036000
1 0.441500 0.210000 0.071000 0.082000
1 0.903000 0.462500 0.044000 0.059000
1 0.637000 0.793500 0.064000 0.043000
1 0.032000 0.482500 0.054000 0.049000
1 0.820500 0.246500 0.061000 0.049000