1 0.490000 0.399500 0.052000 0.035000
1 0.629500 0.864000 0.067000 0.056000
1 0.623500 0.459500 0.045000 0.037000
2 0.083500 0.841500 0.035000 0.027000
1 0.160000 0.721500 0.054000 0.039000
1 0.688000 0.475000 0.056000 0.048000
1 0.526500 0.057000 0.053000 0.040000
2 0.385500 0.900500 0.057000 0.033000
1 0.906000 0.984500 0.064000 0.029000
1 0.364000 0.369500 0.046000 0.035000
1 0.205000 0.971500 0.038000 0.029000
1 0.301500 0.359000 0.047000 0.034000
1 0.912500 0.505000 0.051000 0.054000
1 0.092000 0.461000 0.050000 0.040000
1 0.026000 0.497500 0.044000 0.035000