1 0.918000 0.118500 0.098000 0.061000
1 0.957500 0.760000 0.083000 0.110000
1 0.033000 0.112000 0.066000 0.070000
1 0.256500 0.226500 0.065000 0.149000
1 0.678500 0.946000 0.059000 0.054000
1 0.674500 0.246000 0.057000 0.102000
1 0.098500 0.351000 0.177000 0.078000
1 0.887000 0.367500 0.080000 0.061000
1 0.887000 0.433000 0.086000 0.090000
1 0.472000 0.628000 0.190000 0.074000
1 0.241500 0.109000 0.099000 0.064000
1 0.129500 0.110500 0.125000 0.067000
1 0.407000 0.920500 0.184000 0.073000
1 0.062000 0.632500 0.110000 0.083000
1 0.352500 0.778500 0.069000 0.185000
1 0.943500 0.608000 0.111000 0.114000