1 0.349500 0.358000 0.063000 0.062000
1 0.925000 0.011000 0.058000 0.022000
1 0.036000 0.024500 0.060000 0.045000
1 0.693000 0.490500 0.078000 0.069000
1 0.862500 0.509500 0.089000 0.055000
1 0.806500 0.229000 0.075000 0.092000
1 0.176000 0.681500 0.104000 0.059000
1 0.831000 0.821000 0.082000 0.058000
1 0.842000 0.676500 0.082000 0.069000
1 0.115000 0.941000 0.084000 0.064000
1 0.957500 0.263500 0.071000 0.097000
0 0.355500 0.707000 0.077000 0.058000
1 0.663500 0.851000 0.091000 0.056000
1 0.161000 0.757500 0.048000 0.027000
1 0.271000 0.959000 0.074000 0.058000
1 0.842500 0.057000 0.073000 0.042000
1 0.043000 0.188000 0.064000 0.046000
1 0.181500 0.358500 0.119000 0.071000
1 0.666000 0.670500 0.084000 0.059000
1 0.795500 0.021500 0.041000 0.043000