1 0.126500 0.621000 0.071000 0.066000
2 0.040500 0.047500 0.061000 0.075000
1 0.177000 0.093500 0.090000 0.105000
1 0.627000 0.179500 0.054000 0.043000
1 0.484500 0.106500 0.047000 0.053000
1 0.288500 0.122500 0.055000 0.049000
1 0.103000 0.201500 0.092000 0.095000
1 0.217500 0.720000 0.043000 0.040000
1 0.190500 0.653500 0.039000 0.049000
1 0.217000 0.638500 0.040000 0.043000
1 0.228000 0.581500 0.078000 0.067000
1 0.375500 0.581500 0.065000 0.065000
1 0.708000 0.102000 0.064000 0.062000
1 0.289500 0.515500 0.069000 0.063000
1 0.086000 0.397500 0.070000 0.075000
1 0.417000 0.314500 0.064000 0.065000