1 0.291000 0.287500 0.042000 0.059000
1 0.919000 0.967000 0.042000 0.064000
1 0.553500 0.560000 0.039000 0.066000
1 0.504500 0.343000 0.053000 0.044000
1 0.238500 0.200000 0.045000 0.052000
1 0.092500 0.505000 0.051000 0.044000
1 0.197000 0.735500 0.042000 0.067000
1 0.249500 0.037000 0.043000 0.060000
1 0.454000 0.373500 0.042000 0.049000
1 0.837000 0.162500 0.054000 0.049000
1 0.166500 0.251500 0.047000 0.059000
1 0.398500 0.183500 0.053000 0.047000
1 0.928500 0.098000 0.057000 0.074000
1 0.711000 0.028500 0.054000 0.037000
1 0.652000 0.803000 0.060000 0.068000
1 0.460000 0.129000 0.064000 0.042000
1 0.445500 0.423000 0.045000 0.044000
1 0.134000 0.101500 0.046000 0.057000
1 0.797500 0.871000 0.055000 0.060000
1 0.803500 0.427000 0.067000 0.080000
1 0.325500 0.120500 0.057000 0.043000
1 0.180000 0.310500 0.044000 0.049000
1 0.604000 0.663000 0.074000 0.070000
1 0.192500 0.929000 0.057000 0.046000
1 0.603000 0.917000 0.062000 0.070000
1 0.353500 0.537000 0.039000 0.054000
1 0.244000 0.537000 0.064000 0.042000
1 0.192000 0.104500 0.044000 0.067000
1 0.323500 0.239000 0.043000 0.052000
1 0.644500 0.233500 0.059000 0.055000
1 0.712000 0.900000 0.076000 0.052000
1 0.098000 0.846000 0.054000 0.054000
1 0.107500 0.439500 0.057000 0.041000
1 0.278000 0.228500 0.048000 0.055000
1 0.585500 0.358000 0.073000 0.046000
1 0.374000 0.035000 0.050000 0.052000
1 0.487500 0.795000 0.071000 0.052000
1 0.416000 0.775500 0.080000 0.053000
1 0.570500 0.744000 0.059000 0.076000
1 0.929000 0.855500 0.102000 0.067000
1 0.625500 0.855500 0.059000 0.069000
1 0.971500 0.974000 0.039000 0.050000
1 0.078500 0.603500 0.065000 0.037000
1 0.315000 0.844500 0.054000 0.103000
1 0.550000 0.406000 0.048000 0.064000
1 0.413500 0.582000 0.053000 0.056000
1 0.853000 0.954500 0.046000 0.049000
1 0.661000 0.588000 0.056000 0.060000
1 0.320000 0.673000 0.040000 0.046000
1 0.505000 0.380500 0.044000 0.035000
1 0.594500 0.983000 0.061000 0.032000
1 0.553500 0.216500 0.063000 0.053000
1 0.674500 0.305000 0.059000 0.058000
1 0.015500 0.498000 0.031000 0.046000
1 0.751000 0.374500 0.054000 0.059000