1 0.814000 0.683000 0.056000 0.050000
1 0.696000 0.495500 0.054000 0.041000
1 0.284500 0.114000 0.071000 0.062000
1 0.140000 0.376500 0.064000 0.039000
1 0.569500 0.620000 0.061000 0.060000
1 0.778500 0.315000 0.061000 0.054000
1 0.976500 0.457500 0.045000 0.061000
1 0.358000 0.042500 0.064000 0.043000
1 0.776000 0.657500 0.056000 0.085000
1 0.257000 0.450000 0.046000 0.044000
1 0.688000 0.022500 0.044000 0.045000
1 0.213000 0.116000 0.066000 0.074000
1 0.340500 0.131000 0.041000 0.054000
1 0.836500 0.512000 0.055000 0.050000
1 0.308500 0.045000 0.045000 0.064000
1 0.501000 0.345500 0.052000 0.047000
1 0.877000 0.699000 0.066000 0.050000
1 0.839000 0.404000 0.044000 0.040000
1 0.978000 0.685500 0.042000 0.057000
1 0.203500 0.384000 0.049000 0.044000
1 0.694500 0.657000 0.043000 0.054000
1 0.466500 0.589500 0.067000 0.061000
1 0.442000 0.023500 0.056000 0.037000