1 0.422000 0.556000 0.100000 0.084000
0 0.935000 0.094000 0.090000 0.072000
1 0.655000 0.397000 0.074000 0.070000
1 0.349000 0.927000 0.070000 0.058000
1 0.641000 0.166000 0.074000 0.056000
1 0.348000 0.330000 0.072000 0.068000
1 0.675000 0.613000 0.106000 0.094000
1 0.549000 0.827000 0.094000 0.082000
1 0.945000 0.703000 0.074000 0.078000
1 0.851000 0.539000 0.102000 0.102000
1 0.565000 0.650000 0.074000 0.072000
1 0.656000 0.782000 0.092000 0.052000
1 0.535000 0.215000 0.078000 0.090000
1 0.811000 0.301000 0.094000 0.102000
1 0.724000 0.706000 0.068000 0.052000
1 0.970000 0.350000 0.048000 0.088000
1 0.614000 0.977000 0.088000 0.042000
1 0.874000 0.783000 0.048000 0.038000
1 0.917000 0.855000 0.078000 0.086000
1 0.889000 0.955000 0.090000 0.078000
1 0.663000 0.491000 0.082000 0.070000
1 0.479000 0.963000 0.066000 0.070000
1 0.596000 0.921000 0.100000 0.078000
1 0.893000 0.315000 0.058000 0.062000