1 0.728000 0.847500 0.068000 0.105000
1 0.865000 0.483500 0.042000 0.055000
1 0.614000 0.296500 0.062000 0.071000
1 0.750000 0.926000 0.072000 0.054000
1 0.023500 0.658000 0.047000 0.040000
1 0.700500 0.540000 0.059000 0.090000
1 0.224000 0.587000 0.236000 0.352000
1 0.670500 0.395000 0.043000 0.030000
1 0.075000 0.020500 0.032000 0.041000
1 0.242000 0.140500 0.042000 0.031000
1 0.926500 0.386500 0.039000 0.027000
1 0.241500 0.650500 0.077000 0.165000
1 0.958500 0.120500 0.081000 0.065000
1 0.316500 0.037500 0.075000 0.047000
1 0.614000 0.889500 0.082000 0.049000
1 0.521500 0.903500 0.111000 0.123000
1 0.427500 0.577000 0.047000 0.058000
1 0.290500 0.136000 0.023000 0.040000
1 0.048000 0.184500 0.042000 0.049000
1 0.323000 0.664000 0.092000 0.098000
1 0.760000 0.206000 0.046000 0.054000
1 0.546000 0.482500 0.056000 0.053000
1 0.050000 0.750000 0.074000 0.096000
1 0.431500 0.441000 0.041000 0.052000
1 0.653500 0.272000 0.053000 0.058000
1 0.023000 0.561000 0.038000 0.038000
1 0.030500 0.691000 0.061000 0.036000
1 0.138500 0.282500 0.045000 0.061000
1 0.770500 0.375000 0.079000 0.072000
1 0.681500 0.344000 0.035000 0.046000
1 0.389000 0.529000 0.074000 0.060000
1 0.937000 0.444500 0.048000 0.033000
1 0.208000 0.034000 0.040000 0.046000
1 0.512500 0.014500 0.059000 0.029000
1 0.403000 0.057500 0.060000 0.113000
1 0.607500 0.595000 0.069000 0.062000
1 0.611500 0.044000 0.029000 0.052000
1 0.020500 0.501500 0.037000 0.053000
1 0.870500 0.152000 0.055000 0.048000
1 0.068500 0.072000 0.051000 0.052000
1 0.905000 0.483000 0.036000 0.034000
1 0.536500 0.612500 0.067000 0.063000
1 0.411000 0.639500 0.070000 0.079000
1 0.682000 0.426000 0.066000 0.052000
1 0.577000 0.390500 0.068000 0.095000
1 0.863500 0.097000 0.059000 0.052000
1 0.613000 0.237500 0.068000 0.055000
1 0.364500 0.462500 0.067000 0.063000
1 0.854500 0.834000 0.197000 0.160000
1 0.782000 0.286500 0.030000 0.043000
1 0.241000 0.084500 0.044000 0.037000
1 0.646500 0.976500 0.067000 0.045000
1 0.441000 0.939000 0.072000 0.080000
1 0.497500 0.401000 0.051000 0.058000