1 0.372500 0.414500 0.071000 0.073000
1 0.120500 0.034000 0.063000 0.042000
1 0.272000 0.641500 0.066000 0.075000
1 0.121000 0.491000 0.050000 0.056000
1 0.137500 0.633000 0.057000 0.072000
1 0.069500 0.621500 0.065000 0.059000
1 0.106500 0.783000 0.071000 0.056000
1 0.608500 0.025000 0.051000 0.050000
1 0.634500 0.120500 0.035000 0.047000
1 0.028500 0.391000 0.051000 0.032000
1 0.641500 0.065500 0.035000 0.043000
1 0.596500 0.192000 0.055000 0.056000
1 0.290000 0.557000 0.056000 0.078000
1 0.049000 0.344000 0.068000 0.048000
1 0.457500 0.206000 0.039000 0.048000
1 0.159000 0.796000 0.048000 0.064000
1 0.336000 0.482500 0.066000 0.069000
1 0.553000 0.029000 0.046000 0.040000
1 0.175500 0.720000 0.051000 0.060000
1 0.433000 0.140000 0.054000 0.050000
1 0.121500 0.412500 0.031000 0.033000
1 0.027000 0.499000 0.054000 0.040000
1 0.491500 0.151000 0.041000 0.046000
1 0.286500 0.903500 0.045000 0.067000
1 0.519500 0.978500 0.065000 0.041000