1 0.563500 0.656500 0.271000 0.175000
1 0.117000 0.196000 0.060000 0.046000
1 0.756500 0.624000 0.065000 0.040000
1 0.186500 0.123000 0.081000 0.064000
1 0.746500 0.100000 0.041000 0.032000
1 0.134000 0.312000 0.046000 0.048000
1 0.584000 0.499500 0.066000 0.079000
1 0.861000 0.647500 0.086000 0.089000
1 0.704500 0.891000 0.061000 0.062000
1 0.906000 0.106500 0.038000 0.041000
1 0.025500 0.339000 0.051000 0.086000
1 0.596000 0.413500 0.074000 0.075000
1 0.802500 0.147000 0.099000 0.064000
1 0.910000 0.443500 0.056000 0.047000
1 0.253000 0.182500 0.080000 0.099000
1 0.028000 0.281500 0.056000 0.051000
1 0.032500 0.573000 0.061000 0.066000
1 0.339000 0.028500 0.052000 0.057000
1 0.667000 0.415000 0.066000 0.066000
1 0.823000 0.048000 0.080000 0.096000
1 0.162500 0.386000 0.081000 0.066000
1 0.085000 0.299000 0.064000 0.058000