1 0.286000 0.085000 0.152000 0.138000
1 0.717000 0.479000 0.114000 0.098000
1 0.586000 0.205000 0.196000 0.122000
1 0.609000 0.549000 0.054000 0.050000
1 0.071000 0.591000 0.142000 0.270000
1 0.325000 0.435000 0.110000 0.134000
1 0.309000 0.729000 0.102000 0.110000
1 0.137000 0.140000 0.082000 0.092000
1 0.478000 0.434000 0.068000 0.084000
1 0.908000 0.678000 0.124000 0.164000
1 0.204000 0.389000 0.080000 0.086000
1 0.552000 0.063000 0.204000 0.122000
1 0.639000 0.626000 0.090000 0.076000
1 0.857000 0.470000 0.058000 0.068000