1 0.193000 0.887000 0.182000 0.110000
1 0.219000 0.084000 0.118000 0.092000
1 0.584000 0.072000 0.084000 0.072000
1 0.741000 0.167000 0.090000 0.086000
1 0.826000 0.308000 0.068000 0.060000
2 0.372000 0.765000 0.052000 0.070000
1 0.814000 0.627000 0.088000 0.070000
2 0.927000 0.589000 0.062000 0.106000
1 0.812000 0.532000 0.060000 0.100000
1 0.840000 0.198000 0.080000 0.068000
1 0.918000 0.020000 0.056000 0.040000
1 0.975000 0.416000 0.046000 0.100000
2 0.431000 0.755000 0.074000 0.050000
1 0.864000 0.470000 0.052000 0.044000
1 0.807000 0.415000 0.050000 0.050000