1 0.666000 0.272000 0.060000 0.052000
1 0.797000 0.403000 0.102000 0.078000
1 0.975000 0.229000 0.046000 0.182000
1 0.532000 0.366000 0.056000 0.052000
1 0.076000 0.042000 0.108000 0.084000
1 0.690000 0.621000 0.060000 0.054000
1 0.691000 0.167000 0.090000 0.094000
1 0.631000 0.606000 0.054000 0.040000
1 0.814000 0.531000 0.064000 0.054000
1 0.539000 0.300000 0.074000 0.064000
1 0.608000 0.149000 0.080000 0.110000
1 0.613000 0.749000 0.074000 0.082000
1 0.759000 0.689000 0.066000 0.050000
1 0.644000 0.440000 0.060000 0.072000
1 0.718000 0.354000 0.032000 0.040000
1 0.563000 0.468000 0.070000 0.052000
1 0.720000 0.272000 0.032000 0.040000
1 0.393000 0.426000 0.062000 0.048000
1 0.664000 0.895000 0.072000 0.070000
1 0.558000 0.585000 0.084000 0.054000
1 0.390000 0.113000 0.060000 0.066000
1 0.670000 0.833000 0.048000 0.042000
1 0.670000 0.789000 0.052000 0.026000
1 0.050000 0.404000 0.088000 0.080000
1 0.563000 0.057000 0.094000 0.054000
1 0.576000 0.853000 0.048000 0.058000
1 0.210000 0.323000 0.076000 0.066000
1 0.197000 0.121000 0.046000 0.042000
1 0.633000 0.354000 0.026000 0.040000
1 0.734000 0.486000 0.076000 0.064000
1 0.432000 0.329000 0.080000 0.066000
1 0.030000 0.898000 0.028000 0.036000
1 0.156000 0.445000 0.064000 0.062000
1 0.840000 0.866000 0.040000 0.056000
1 0.691000 0.062000 0.102000 0.096000
1 0.776000 0.875000 0.072000 0.074000