1 0.060500 0.326000 0.049000 0.046000
1 0.232000 0.615500 0.050000 0.035000
1 0.024500 0.959000 0.049000 0.070000
1 0.144000 0.111500 0.064000 0.067000
1 0.375000 0.870000 0.068000 0.064000
1 0.832500 0.904000 0.057000 0.050000
1 0.498500 0.361500 0.087000 0.085000
1 0.255000 0.044500 0.052000 0.061000
1 0.397000 0.322500 0.058000 0.053000
1 0.951000 0.590500 0.096000 0.087000
1 0.930000 0.510500 0.052000 0.051000
1 0.836500 0.434500 0.065000 0.067000
1 0.257000 0.410500 0.058000 0.063000
1 0.658500 0.796500 0.085000 0.093000
1 0.798500 0.971000 0.069000 0.052000
1 0.021500 0.033500 0.043000 0.039000
1 0.354000 0.378500 0.054000 0.055000
1 0.524500 0.069500 0.065000 0.061000
1 0.970000 0.054000 0.058000 0.092000
1 0.149000 0.908000 0.064000 0.054000
1 0.604000 0.535500 0.060000 0.067000
1 0.224000 0.459000 0.066000 0.066000
1 0.100000 0.905000 0.052000 0.064000
1 0.680000 0.323500 0.068000 0.057000
1 0.248000 0.129500 0.058000 0.081000
1 0.330500 0.716000 0.079000 0.066000
1 0.519500 0.980500 0.085000 0.037000
1 0.172000 0.765000 0.050000 0.078000
1 0.406500 0.444500 0.065000 0.065000
1 0.914500 0.873500 0.051000 0.047000
1 0.646000 0.239500 0.048000 0.043000
1 0.316000 0.586000 0.062000 0.044000
1 0.365000 0.946000 0.056000 0.056000
1 0.532000 0.835000 0.090000 0.076000
1 0.435000 0.971000 0.062000 0.046000
1 0.241500 0.884000 0.061000 0.046000
1 0.175500 0.588000 0.047000 0.046000
1 0.625500 0.890500 0.075000 0.065000
1 0.454000 0.539500 0.070000 0.057000
1 0.131000 0.500500 0.050000 0.047000
1 0.214500 0.273000 0.101000 0.072000
1 0.190000 0.837000 0.054000 0.056000
1 0.203500 0.403000 0.049000 0.050000
1 0.795500 0.341500 0.071000 0.085000
1 0.711500 0.172500 0.113000 0.079000
1 0.213500 0.203000 0.063000 0.072000
1 0.838000 0.234500 0.056000 0.051000
1 0.105500 0.219000 0.039000 0.046000
0 0.950500 0.156000 0.097000 0.084000
1 0.969500 0.770000 0.055000 0.050000
1 0.892000 0.729000 0.070000 0.070000
1 0.369000 0.658000 0.070000 0.080000
1 0.289500 0.636000 0.065000 0.066000
0 0.922500 0.276000 0.073000 0.070000
1 0.765000 0.410000 0.074000 0.074000
1 0.315000 0.495500 0.088000 0.081000
1 0.312000 0.296500 0.054000 0.069000