1 0.207000 0.592000 0.050000 0.078000
1 0.709000 0.441500 0.056000 0.057000
1 0.805500 0.642500 0.071000 0.085000
1 0.566500 0.720000 0.069000 0.084000
1 0.439500 0.604000 0.057000 0.082000
1 0.736000 0.862000 0.064000 0.064000
1 0.420000 0.731500 0.054000 0.071000
1 0.585500 0.318500 0.053000 0.059000
1 0.654000 0.266000 0.088000 0.092000
1 0.894000 0.498500 0.082000 0.063000
1 0.385500 0.251500 0.063000 0.079000
1 0.850500 0.109500 0.091000 0.081000
1 0.285000 0.088000 0.068000 0.054000
1 0.577000 0.555500 0.068000 0.081000
1 0.866500 0.287000 0.067000 0.050000
1 0.111000 0.396000 0.044000 0.068000
1 0.774000 0.792500 0.086000 0.051000
1 0.951000 0.755000 0.078000 0.058000
1 0.916500 0.913000 0.075000 0.044000
1 0.944500 0.047000 0.083000 0.066000
1 0.480500 0.483000 0.061000 0.080000
1 0.711500 0.213500 0.085000 0.075000
1 0.976000 0.674000 0.046000 0.072000
1 0.256500 0.456000 0.043000 0.078000
1 0.940000 0.263500 0.062000 0.059000
1 0.202500 0.200000 0.059000 0.062000
1 0.317000 0.344000 0.052000 0.064000
1 0.645500 0.481000 0.063000 0.054000
1 0.033000 0.620000 0.034000 0.058000
1 0.757500 0.396500 0.063000 0.051000
1 0.821000 0.350000 0.066000 0.064000
1 0.169500 0.267000 0.053000 0.052000
1 0.778000 0.157500 0.098000 0.079000
1 0.790500 0.728500 0.081000 0.057000
1 0.083500 0.483000 0.053000 0.064000
1 0.526500 0.376000 0.077000 0.074000
1 0.179500 0.707500 0.047000 0.071000