1 0.464000 0.683000 0.050000 0.062000
1 0.255500 0.775000 0.045000 0.058000
1 0.938500 0.404500 0.075000 0.047000
1 0.616500 0.836000 0.069000 0.078000
1 0.349000 0.453000 0.050000 0.058000
1 0.891500 0.179000 0.061000 0.050000
1 0.057000 0.902500 0.052000 0.069000
1 0.791000 0.336000 0.044000 0.056000
1 0.823500 0.516000 0.061000 0.040000
1 0.769000 0.516000 0.046000 0.034000
1 0.970500 0.166500 0.057000 0.063000
1 0.949500 0.326000 0.055000 0.054000
1 0.642500 0.448500 0.051000 0.049000
1 0.754000 0.415000 0.056000 0.106000
1 0.825000 0.884500 0.042000 0.039000
1 0.845000 0.672500 0.054000 0.067000
1 0.368000 0.532500 0.052000 0.059000
1 0.780000 0.816500 0.042000 0.059000
1 0.925500 0.582000 0.041000 0.068000
1 0.367500 0.377500 0.087000 0.063000
1 0.103500 0.915500 0.039000 0.049000
1 0.877500 0.496500 0.045000 0.041000
1 0.422500 0.670000 0.049000 0.056000
1 0.837000 0.774500 0.048000 0.051000
1 0.815500 0.606500 0.059000 0.047000
1 0.776500 0.928000 0.053000 0.054000
1 0.491000 0.391500 0.066000 0.065000
1 0.601500 0.397000 0.031000 0.032000
1 0.332500 0.644500 0.059000 0.057000
1 0.381500 0.972500 0.035000 0.053000
1 0.745000 0.605000 0.078000 0.056000
1 0.123500 0.629500 0.069000 0.063000
1 0.831500 0.103000 0.047000 0.068000
1 0.869500 0.219000 0.041000 0.038000
1 0.129000 0.760500 0.072000 0.079000
1 0.528000 0.530500 0.034000 0.041000
1 0.272000 0.360000 0.082000 0.096000
1 0.180000 0.852500 0.068000 0.057000
1 0.445000 0.213500 0.118000 0.175000
1 0.747000 0.685000 0.066000 0.044000
1 0.968500 0.052500 0.059000 0.077000
1 0.818500 0.828500 0.049000 0.059000
1 0.042000 0.976500 0.056000 0.045000
1 0.431000 0.555500 0.070000 0.113000
1 0.540500 0.487000 0.041000 0.036000
1 0.637000 0.575500 0.046000 0.049000
1 0.719000 0.859000 0.040000 0.040000
1 0.906500 0.220000 0.041000 0.052000
1 0.701500 0.089500 0.137000 0.089000
1 0.218500 0.513500 0.149000 0.131000
1 0.876500 0.880500 0.063000 0.063000
1 0.600000 0.315500 0.046000 0.043000
1 0.833500 0.567000 0.067000 0.044000
1 0.281000 0.942000 0.098000 0.066000
1 0.979500 0.498000 0.039000 0.056000
1 0.755000 0.868500 0.036000 0.031000
1 0.368000 0.311000 0.098000 0.086000
1 0.546000 0.622000 0.050000 0.060000
1 0.451500 0.479500 0.057000 0.061000
1 0.265000 0.867000 0.080000 0.088000
1 0.510000 0.897500 0.066000 0.047000
1 0.073500 0.828000 0.053000 0.054000
1 0.511500 0.320500 0.059000 0.067000
1 0.146500 0.927000 0.045000 0.044000
1 0.799000 0.666000 0.038000 0.040000
1 0.615500 0.275000 0.045000 0.046000
1 0.598000 0.561500 0.048000 0.049000
1 0.698000 0.434500 0.060000 0.067000
1 0.508000 0.143500 0.124000 0.115000
1 0.501000 0.488500 0.044000 0.099000
1 0.807500 0.975500 0.057000 0.047000
1 0.466500 0.579000 0.061000 0.106000
1 0.514500 0.693000 0.063000 0.082000
1 0.960500 0.874500 0.043000 0.043000
1 0.413500 0.889000 0.053000 0.074000
1 0.564000 0.459500 0.082000 0.047000
1 0.645000 0.377000 0.056000 0.060000
1 0.669500 0.682500 0.049000 0.047000