2 0.856500 0.527000 0.039000 0.026000
1 0.955000 0.212000 0.062000 0.052000
1 0.925000 0.408000 0.062000 0.056000
2 0.241000 0.904500 0.026000 0.039000
1 0.796000 0.127000 0.056000 0.040000
1 0.410000 0.773000 0.042000 0.032000
1 0.768000 0.288500 0.022000 0.029000
1 0.350500 0.762000 0.029000 0.044000
1 0.089000 0.868000 0.070000 0.060000
1 0.518000 0.636500 0.042000 0.039000
1 0.813000 0.662500 0.048000 0.047000
1 0.555500 0.952000 0.047000 0.032000
1 0.620500 0.954000 0.055000 0.068000
1 0.860000 0.955500 0.056000 0.045000
1 0.976500 0.081500 0.045000 0.037000
1 0.517500 0.296000 0.059000 0.052000
1 0.542000 0.423500 0.050000 0.037000
1 0.486500 0.973000 0.045000 0.028000
2 0.925500 0.518000 0.041000 0.026000
1 0.662500 0.744500 0.045000 0.035000
1 0.412500 0.421000 0.057000 0.046000
1 0.912500 0.054500 0.047000 0.043000
1 0.311500 0.880000 0.049000 0.020000