1 0.876500 0.435500 0.069000 0.029000
1 0.400500 0.793000 0.049000 0.032000
1 0.075000 0.856500 0.056000 0.025000
1 0.339000 0.969500 0.064000 0.059000
1 0.270000 0.190500 0.042000 0.077000
2 0.864000 0.682000 0.064000 0.040000
1 0.158000 0.102000 0.064000 0.028000
1 0.602500 0.387500 0.059000 0.037000
1 0.807000 0.294000 0.064000 0.032000
1 0.945500 0.428500 0.059000 0.035000
1 0.914000 0.522000 0.062000 0.034000
1 0.593000 0.486000 0.026000 0.066000
1 0.547000 0.976000 0.052000 0.042000
1 0.884000 0.283000 0.044000 0.040000
1 0.123000 0.171500 0.054000 0.059000
1 0.107500 0.247000 0.037000 0.036000
1 0.823000 0.222000 0.032000 0.106000
1 0.774500 0.517000 0.037000 0.040000
1 0.824500 0.048000 0.035000 0.066000
1 0.081000 0.314000 0.050000 0.042000
1 0.920000 0.630000 0.054000 0.054000
1 0.381500 0.885500 0.055000 0.029000