1 0.264500 0.445500 0.057000 0.041000
1 0.051000 0.171000 0.046000 0.046000
1 0.899500 0.808500 0.071000 0.051000
1 0.652500 0.896000 0.059000 0.060000
1 0.386000 0.790500 0.064000 0.055000
1 0.017000 0.974500 0.034000 0.041000
1 0.039000 0.322500 0.052000 0.049000
1 0.038000 0.535000 0.052000 0.054000
1 0.716500 0.376500 0.037000 0.059000
1 0.828500 0.978000 0.069000 0.042000
1 0.926500 0.235500 0.051000 0.045000
1 0.095000 0.409500 0.076000 0.055000
1 0.330000 0.871000 0.038000 0.036000
1 0.298000 0.885000 0.032000 0.038000
1 0.459000 0.434500 0.114000 0.129000
1 0.213500 0.593500 0.053000 0.037000
1 0.742500 0.796500 0.063000 0.049000
1 0.976500 0.649000 0.041000 0.034000
1 0.594500 0.623000 0.053000 0.052000
1 0.050000 0.080500 0.048000 0.033000
1 0.012000 0.846500 0.024000 0.059000
1 0.288500 0.849500 0.033000 0.037000
1 0.966500 0.891000 0.065000 0.050000
1 0.906500 0.927000 0.073000 0.044000
1 0.449000 0.530000 0.062000 0.042000
1 0.977000 0.197000 0.044000 0.046000
1 0.771000 0.862000 0.058000 0.082000
1 0.969500 0.549500 0.059000 0.035000
1 0.442500 0.183000 0.039000 0.036000
1 0.968000 0.781000 0.062000 0.080000
1 0.801500 0.700500 0.067000 0.053000
1 0.726500 0.729500 0.063000 0.049000
1 0.972000 0.491000 0.054000 0.060000
1 0.686000 0.808000 0.064000 0.038000
1 0.720000 0.881500 0.050000 0.049000
1 0.551000 0.458500 0.056000 0.047000
1 0.971000 0.361000 0.056000 0.042000
1 0.877000 0.691000 0.066000 0.054000
1 0.451000 0.964500 0.090000 0.069000
1 0.124000 0.339000 0.048000 0.036000
1 0.920000 0.326000 0.052000 0.052000
1 0.630000 0.568500 0.052000 0.069000
1 0.556500 0.190500 0.039000 0.057000
1 0.828500 0.830000 0.065000 0.052000