1 0.412000 0.293000 0.120000 0.090000
1 0.182000 0.046000 0.064000 0.072000
1 0.696000 0.581000 0.180000 0.166000
1 0.096000 0.368000 0.068000 0.064000
1 0.878000 0.175000 0.120000 0.150000
1 0.071000 0.111000 0.082000 0.074000
1 0.187000 0.147000 0.070000 0.062000
2 0.277000 0.065000 0.074000 0.070000
1 0.306000 0.862000 0.164000 0.172000
1 0.023000 0.303000 0.046000 0.066000
1 0.300000 0.020000 0.064000 0.040000
1 0.052000 0.694000 0.104000 0.152000
1 0.252000 0.264000 0.072000 0.076000
1 0.928000 0.851000 0.140000 0.166000
1 0.691000 0.094000 0.070000 0.076000
1 0.134000 0.603000 0.128000 0.134000
1 0.243000 0.512000 0.066000 0.064000
1 0.633000 0.924000 0.110000 0.096000
1 0.478000 0.124000 0.088000 0.084000
2 0.500000 0.039000 0.076000 0.070000
1 0.038000 0.475000 0.076000 0.098000
1 0.401000 0.183000 0.066000 0.074000
1 0.316000 0.220000 0.092000 0.100000