1 0.087000 0.621500 0.084000 0.069000
1 0.100000 0.780000 0.092000 0.114000
1 0.034500 0.164500 0.069000 0.123000
1 0.644000 0.740500 0.064000 0.045000
1 0.513500 0.846500 0.049000 0.037000
1 0.423000 0.848500 0.054000 0.047000
1 0.734500 0.247000 0.051000 0.050000
1 0.732500 0.503500 0.049000 0.057000
1 0.538000 0.966500 0.072000 0.049000
1 0.849000 0.814500 0.054000 0.055000
1 0.864500 0.905000 0.041000 0.046000
1 0.958000 0.268500 0.062000 0.081000
1 0.868000 0.953500 0.056000 0.039000
1 0.345500 0.413000 0.137000 0.120000
1 0.963500 0.088000 0.071000 0.140000
1 0.655000 0.066500 0.150000 0.133000
1 0.652000 0.692500 0.078000 0.055000
1 0.687000 0.946500 0.100000 0.053000
1 0.575000 0.674500 0.072000 0.071000
1 0.640000 0.236500 0.052000 0.059000
1 0.887000 0.074500 0.060000 0.053000
1 0.712000 0.842500 0.052000 0.051000
1 0.942000 0.838000 0.114000 0.158000
1 0.600500 0.390500 0.083000 0.105000
1 0.455500 0.418000 0.041000 0.076000
1 0.155000 0.871000 0.086000 0.052000
1 0.084000 0.949000 0.048000 0.058000
1 0.783500 0.781000 0.053000 0.074000
1 0.284000 0.968000 0.076000 0.056000
1 0.855000 0.233500 0.080000 0.069000
1 0.766500 0.438000 0.043000 0.064000
1 0.898500 0.548000 0.077000 0.064000
1 0.715000 0.730000 0.062000 0.060000
1 0.492500 0.472500 0.045000 0.053000
1 0.769500 0.921500 0.063000 0.047000
1 0.685500 0.493000 0.083000 0.078000
1 0.719000 0.412000 0.064000 0.080000
1 0.244000 0.703000 0.072000 0.150000
1 0.754000 0.574000 0.054000 0.048000
1 0.082500 0.065500 0.117000 0.131000
1 0.874500 0.986000 0.051000 0.026000
1 0.938000 0.947000 0.076000 0.068000
1 0.018500 0.946500 0.037000 0.055000
1 0.699000 0.892500 0.048000 0.039000
1 0.965500 0.575000 0.067000 0.060000
1 0.652000 0.841000 0.058000 0.032000
1 0.426500 0.718000 0.093000 0.094000
1 0.779500 0.857000 0.067000 0.052000
1 0.035000 0.805000 0.064000 0.068000
1 0.743000 0.332500 0.058000 0.075000
1 0.636000 0.309500 0.100000 0.079000
1 0.200000 0.980500 0.046000 0.037000
1 0.828000 0.868500 0.048000 0.053000
1 0.843500 0.316000 0.067000 0.062000