1 0.199000 0.093000 0.056000 0.058000
1 0.735500 0.025000 0.075000 0.050000
1 0.083500 0.210500 0.045000 0.049000
1 0.853500 0.455000 0.067000 0.050000
1 0.557000 0.706000 0.066000 0.058000
1 0.309500 0.270000 0.069000 0.056000
1 0.133500 0.158000 0.059000 0.072000
1 0.263000 0.553000 0.066000 0.084000
1 0.921000 0.595000 0.064000 0.086000
1 0.334500 0.768500 0.099000 0.105000
1 0.042500 0.547000 0.085000 0.070000
1 0.430000 0.166500 0.060000 0.051000
1 0.040000 0.395000 0.080000 0.060000
1 0.025500 0.325000 0.051000 0.048000
1 0.269500 0.842000 0.053000 0.042000
1 0.877500 0.029500 0.093000 0.059000
1 0.145000 0.335000 0.062000 0.068000
1 0.022500 0.866500 0.045000 0.051000
1 0.372000 0.680000 0.056000 0.052000
1 0.215000 0.209500 0.062000 0.039000
1 0.975000 0.458500 0.048000 0.089000
1 0.598500 0.094000 0.049000 0.056000
1 0.124000 0.078000 0.052000 0.046000
1 0.055500 0.280500 0.075000 0.065000
1 0.127000 0.851500 0.082000 0.059000
1 0.679500 0.942000 0.067000 0.052000
1 0.521000 0.761500 0.050000 0.063000
1 0.427000 0.024000 0.070000 0.048000
1 0.502500 0.290500 0.073000 0.067000
1 0.918000 0.132000 0.064000 0.058000
1 0.139500 0.630000 0.069000 0.090000
1 0.059500 0.792000 0.067000 0.074000
1 0.414000 0.458000 0.058000 0.050000
1 0.539500 0.223000 0.075000 0.054000
1 0.598000 0.634000 0.070000 0.060000
1 0.470000 0.545000 0.058000 0.048000
1 0.373500 0.166500 0.043000 0.063000
1 0.434500 0.281000 0.065000 0.062000