1 0.711000 0.906000 0.086000 0.072000
1 0.726000 0.728000 0.052000 0.044000
2 0.382000 0.932000 0.028000 0.048000
1 0.041000 0.346000 0.082000 0.072000
1 0.411000 0.691000 0.050000 0.110000
1 0.076000 0.235000 0.064000 0.054000
1 0.789000 0.941000 0.030000 0.058000
1 0.860000 0.767000 0.076000 0.058000
1 0.500000 0.786000 0.060000 0.048000
1 0.468000 0.617000 0.028000 0.050000
1 0.030000 0.438000 0.060000 0.064000
1 0.034000 0.729000 0.052000 0.058000
1 0.651000 0.284000 0.074000 0.064000
1 0.804000 0.498000 0.096000 0.088000
2 0.944000 0.259000 0.068000 0.062000
1 0.778000 0.329000 0.056000 0.042000
1 0.558000 0.433000 0.072000 0.054000
1 0.941000 0.182000 0.074000 0.068000
1 0.603000 0.730000 0.070000 0.072000
1 0.428000 0.569000 0.036000 0.030000
1 0.017000 0.936000 0.034000 0.052000
1 0.474000 0.730000 0.060000 0.040000
1 0.605000 0.804000 0.066000 0.052000
1 0.405000 0.493000 0.066000 0.058000
1 0.331000 0.823000 0.054000 0.054000
1 0.537000 0.724000 0.042000 0.052000
1 0.246000 0.979000 0.060000 0.034000