1 0.593000 0.491000 0.058000 0.050000
1 0.392000 0.235000 0.052000 0.050000
1 0.023000 0.133000 0.046000 0.066000
1 0.891000 0.246000 0.074000 0.084000
1 0.706000 0.291000 0.048000 0.046000
1 0.438000 0.504000 0.072000 0.048000
1 0.210000 0.391000 0.056000 0.050000
1 0.064000 0.174000 0.068000 0.056000
1 0.577000 0.362000 0.082000 0.076000
1 0.466000 0.186000 0.060000 0.060000
1 0.319000 0.163000 0.046000 0.046000
1 0.777000 0.354000 0.082000 0.092000
1 0.382000 0.104000 0.060000 0.072000
1 0.149000 0.032000 0.078000 0.056000
1 0.155000 0.372000 0.062000 0.056000
1 0.184000 0.269000 0.084000 0.062000
1 0.486000 0.319000 0.056000 0.058000
1 0.644000 0.484000 0.052000 0.060000
1 0.078000 0.107000 0.084000 0.078000
1 0.482000 0.379000 0.080000 0.066000
1 0.720000 0.502000 0.092000 0.076000
1 0.106000 0.349000 0.060000 0.062000
1 0.500000 0.500000 0.072000 0.084000
1 0.392000 0.448000 0.048000 0.052000
0 0.053000 0.976000 0.058000 0.044000
1 0.373000 0.170000 0.042000 0.044000
1 0.330000 0.078000 0.072000 0.092000
1 0.348000 0.221000 0.052000 0.050000
1 0.464000 0.446000 0.076000 0.068000
1 0.406000 0.404000 0.036000 0.040000
1 0.276000 0.235000 0.052000 0.046000
1 0.902000 0.438000 0.092000 0.084000
0 0.101000 0.920000 0.074000 0.044000
1 0.363000 0.338000 0.070000 0.052000
1 0.254000 0.149000 0.060000 0.054000
1 0.250000 0.299000 0.068000 0.058000
1 0.134000 0.216000 0.060000 0.084000
1 0.191000 0.173000 0.074000 0.062000