1 0.286500 0.517000 0.061000 0.052000
1 0.946500 0.629000 0.091000 0.056000
1 0.181000 0.728500 0.058000 0.057000
1 0.287500 0.744500 0.051000 0.043000
1 0.066500 0.319000 0.045000 0.050000
1 0.468000 0.664500 0.046000 0.049000
1 0.164500 0.499500 0.067000 0.047000
1 0.406500 0.981500 0.053000 0.035000
1 0.897500 0.548500 0.063000 0.093000
1 0.938500 0.332000 0.079000 0.116000
1 0.333500 0.969500 0.061000 0.051000
1 0.619500 0.925000 0.051000 0.046000
1 0.550000 0.925000 0.046000 0.040000
1 0.387500 0.557500 0.061000 0.053000