1 0.552500 0.316000 0.063000 0.120000
1 0.578500 0.163500 0.135000 0.107000
1 0.158500 0.745000 0.047000 0.056000
1 0.546000 0.613500 0.068000 0.067000
1 0.125000 0.219000 0.050000 0.046000
1 0.359500 0.660500 0.063000 0.053000
1 0.390500 0.441500 0.055000 0.043000
1 0.824500 0.499500 0.093000 0.059000
1 0.869000 0.614500 0.088000 0.057000
1 0.704000 0.355500 0.144000 0.181000
1 0.380000 0.290500 0.046000 0.049000
1 0.476000 0.621000 0.058000 0.056000
1 0.363000 0.207000 0.072000 0.054000
1 0.785000 0.639000 0.056000 0.052000
1 0.299000 0.323000 0.042000 0.054000
1 0.511500 0.515000 0.053000 0.044000
1 0.054500 0.755000 0.055000 0.052000
1 0.937000 0.275000 0.048000 0.038000
1 0.460500 0.518500 0.051000 0.041000
1 0.662500 0.609500 0.053000 0.047000
1 0.248500 0.579500 0.055000 0.093000
1 0.856000 0.556000 0.076000 0.048000
1 0.521500 0.434500 0.051000 0.037000
0 0.607500 0.631000 0.035000 0.036000
1 0.146500 0.466000 0.069000 0.052000
1 0.068500 0.480000 0.047000 0.032000
1 0.215500 0.659500 0.049000 0.047000
1 0.433500 0.973000 0.051000 0.044000
1 0.460000 0.444000 0.056000 0.060000
1 0.020000 0.671500 0.040000 0.045000
1 0.407000 0.555000 0.050000 0.036000
1 0.805000 0.451500 0.054000 0.039000
1 0.060000 0.374500 0.060000 0.055000
1 0.159000 0.685500 0.050000 0.039000
1 0.505000 0.969000 0.058000 0.050000