1 0.206000 0.523000 0.054000 0.042000
1 0.368500 0.077500 0.037000 0.047000
1 0.591500 0.568000 0.037000 0.054000
1 0.399000 0.489000 0.044000 0.032000
1 0.100000 0.030000 0.056000 0.034000
2 0.332000 0.588000 0.030000 0.032000
1 0.545500 0.124000 0.037000 0.036000
1 0.565000 0.393000 0.042000 0.052000
1 0.359000 0.669000 0.060000 0.040000
1 0.401000 0.288500 0.040000 0.059000
1 0.622500 0.792500 0.053000 0.055000
2 0.661500 0.715000 0.039000 0.038000
1 0.706000 0.921500 0.068000 0.047000
1 0.427500 0.586000 0.043000 0.034000
1 0.292000 0.505000 0.040000 0.044000
1 0.751500 0.716500 0.041000 0.059000
1 0.595500 0.648000 0.049000 0.052000
1 0.560000 0.210000 0.040000 0.040000
1 0.711000 0.388500 0.070000 0.039000
1 0.685000 0.316000 0.046000 0.042000
1 0.393500 0.790000 0.069000 0.054000
2 0.820500 0.330000 0.037000 0.044000
2 0.919000 0.615500 0.032000 0.035000
1 0.951500 0.689000 0.049000 0.048000
1 0.518000 0.037000 0.036000 0.050000
1 0.975000 0.016000 0.048000 0.032000
2 0.582500 0.483500 0.037000 0.043000
2 0.922500 0.133000 0.037000 0.028000