1 0.323000 0.696000 0.062000 0.048000
1 0.718500 0.798500 0.065000 0.047000
1 0.941000 0.559500 0.062000 0.055000
1 0.421500 0.884500 0.061000 0.047000
1 0.745000 0.935000 0.072000 0.076000
1 0.709000 0.469500 0.072000 0.059000
1 0.666500 0.502000 0.053000 0.058000
1 0.594000 0.747500 0.050000 0.041000
1 0.871500 0.601500 0.069000 0.075000
1 0.930500 0.715000 0.073000 0.062000
1 0.839000 0.855000 0.058000 0.074000
1 0.576000 0.871000 0.054000 0.058000
1 0.843000 0.740000 0.080000 0.072000
1 0.662500 0.718500 0.091000 0.075000
1 0.099500 0.855500 0.073000 0.043000
2 0.388500 0.758500 0.035000 0.037000
1 0.227000 0.755500 0.078000 0.075000
0 0.388000 0.659500 0.056000 0.053000