1 0.380000 0.203000 0.076000 0.066000
1 0.503000 0.937000 0.062000 0.062000
1 0.933000 0.036000 0.118000 0.072000
1 0.964000 0.805000 0.068000 0.082000
1 0.249000 0.931000 0.122000 0.106000
1 0.297000 0.168000 0.238000 0.164000
1 0.910000 0.257000 0.064000 0.054000
1 0.811000 0.701000 0.070000 0.066000
1 0.420000 0.305000 0.140000 0.186000
1 0.957000 0.147000 0.082000 0.182000
1 0.527000 0.520000 0.102000 0.100000
1 0.598000 0.720000 0.092000 0.092000
1 0.056000 0.576000 0.092000 0.116000
1 0.244000 0.566000 0.204000 0.180000
1 0.612000 0.392000 0.088000 0.096000
1 0.648000 0.475000 0.088000 0.106000
1 0.583000 0.312000 0.094000 0.100000
1 0.559000 0.625000 0.122000 0.118000
1 0.499000 0.887000 0.126000 0.078000
1 0.604000 0.936000 0.080000 0.088000
1 0.798000 0.781000 0.156000 0.158000
1 0.784000 0.667000 0.056000 0.058000
1 0.715000 0.633000 0.074000 0.086000
1 0.481000 0.428000 0.122000 0.124000
1 0.104000 0.289000 0.200000 0.214000
1 0.554000 0.244000 0.088000 0.092000
1 0.837000 0.898000 0.082000 0.076000
1 0.555000 0.048000 0.174000 0.096000