1 0.612000 0.922000 0.040000 0.052000
1 0.511000 0.259000 0.078000 0.066000
1 0.806000 0.690000 0.144000 0.084000
1 0.863000 0.894000 0.070000 0.052000
1 0.634000 0.022000 0.052000 0.044000
1 0.426000 0.844000 0.076000 0.064000
1 0.769000 0.029000 0.058000 0.058000
1 0.724000 0.855000 0.044000 0.062000
1 0.646000 0.973000 0.080000 0.050000
1 0.515000 0.920000 0.066000 0.056000
1 0.136000 0.919000 0.088000 0.078000
1 0.084000 0.756000 0.096000 0.068000
1 0.211000 0.111000 0.058000 0.058000
1 0.572000 0.384000 0.212000 0.068000
1 0.939000 0.198000 0.046000 0.060000
1 0.203000 0.160000 0.066000 0.044000
1 0.300000 0.888000 0.088000 0.116000
1 0.269000 0.741000 0.086000 0.066000
1 0.580000 0.679000 0.164000 0.094000
1 0.753000 0.435000 0.150000 0.090000
1 0.959000 0.270000 0.066000 0.048000