1 0.407500 0.302000 0.093000 0.090000
1 0.206500 0.399500 0.087000 0.073000
1 0.103000 0.150500 0.082000 0.059000
1 0.283500 0.033000 0.069000 0.066000
1 0.331000 0.594500 0.064000 0.045000
1 0.504500 0.413000 0.085000 0.078000
1 0.370500 0.482500 0.059000 0.045000
1 0.586500 0.022500 0.083000 0.045000
1 0.033000 0.612000 0.066000 0.058000
1 0.863500 0.189500 0.051000 0.059000
1 0.951000 0.112500 0.082000 0.081000
1 0.202500 0.524500 0.043000 0.045000
1 0.664000 0.081500 0.048000 0.063000
1 0.273000 0.233500 0.048000 0.061000
1 0.715500 0.118000 0.057000 0.062000
1 0.934000 0.914000 0.060000 0.032000