1 0.351000 0.826000 0.072000 0.062000
1 0.604000 0.121000 0.096000 0.078000
1 0.376000 0.246000 0.098000 0.078000
1 0.197000 0.109500 0.104000 0.105000
1 0.774000 0.070000 0.056000 0.082000
1 0.765500 0.290000 0.067000 0.072000
1 0.190500 0.644000 0.055000 0.080000
1 0.106500 0.033500 0.079000 0.067000
1 0.923000 0.847500 0.078000 0.077000
1 0.450500 0.434000 0.061000 0.072000
1 0.659000 0.556000 0.074000 0.060000
1 0.539500 0.955000 0.091000 0.088000
1 0.977500 0.955000 0.043000 0.088000
1 0.380000 0.769000 0.082000 0.066000
1 0.117000 0.185500 0.058000 0.055000
1 0.388000 0.476500 0.064000 0.067000
1 0.666000 0.407500 0.072000 0.051000
1 0.033000 0.032000 0.056000 0.064000
1 0.339500 0.887500 0.109000 0.067000
1 0.153000 0.748000 0.052000 0.074000
1 0.969500 0.694500 0.059000 0.091000
1 0.309000 0.464500 0.056000 0.069000
1 0.109000 0.926500 0.086000 0.105000
1 0.834500 0.564500 0.055000 0.067000
1 0.026500 0.599500 0.053000 0.073000
1 0.405000 0.338000 0.066000 0.072000
1 0.049000 0.222500 0.052000 0.051000
1 0.296500 0.975500 0.091000 0.047000
1 0.606500 0.670500 0.077000 0.071000
1 0.801000 0.380500 0.086000 0.081000
1 0.415000 0.632000 0.086000 0.044000
1 0.560000 0.846500 0.092000 0.065000
1 0.897000 0.934000 0.082000 0.082000
1 0.417500 0.691500 0.081000 0.065000
1 0.311000 0.081000 0.072000 0.070000
1 0.419000 0.032000 0.096000 0.064000
1 0.789000 0.471500 0.076000 0.067000
1 0.666500 0.467000 0.057000 0.054000
1 0.768500 0.176500 0.081000 0.069000
1 0.315500 0.545500 0.069000 0.043000
1 0.228500 0.547000 0.051000 0.064000
1 0.798500 0.677000 0.081000 0.078000
1 0.451000 0.561000 0.062000 0.088000