1 0.098500 0.432500 0.037000 0.055000
1 0.136000 0.758500 0.088000 0.057000
1 0.529500 0.650000 0.051000 0.036000
1 0.916000 0.754000 0.068000 0.060000
1 0.633500 0.249500 0.051000 0.049000
1 0.195000 0.566000 0.060000 0.066000
1 0.372000 0.761000 0.116000 0.076000
1 0.099500 0.887000 0.063000 0.064000
1 0.718000 0.321500 0.028000 0.057000
1 0.587000 0.589000 0.046000 0.072000
1 0.335500 0.522500 0.055000 0.055000
1 0.619000 0.084000 0.048000 0.048000
1 0.576500 0.824500 0.063000 0.061000
1 0.092500 0.959000 0.043000 0.054000
1 0.753500 0.173500 0.067000 0.061000
1 0.471500 0.249500 0.031000 0.061000
1 0.585000 0.230500 0.056000 0.059000
1 0.252500 0.751000 0.061000 0.064000
1 0.119000 0.023000 0.066000 0.046000
1 0.751500 0.616000 0.049000 0.068000
1 0.565500 0.328000 0.049000 0.024000
1 0.857000 0.333000 0.050000 0.038000
1 0.270000 0.678500 0.058000 0.067000
1 0.433500 0.212000 0.067000 0.052000
1 0.204500 0.521000 0.055000 0.052000
1 0.849500 0.675500 0.069000 0.059000
1 0.684500 0.807000 0.063000 0.044000
1 0.259500 0.619500 0.047000 0.037000
1 0.578500 0.912500 0.043000 0.047000
1 0.452500 0.628500 0.053000 0.049000
1 0.110000 0.054500 0.046000 0.041000
1 0.437500 0.138000 0.057000 0.072000
1 0.177500 0.036500 0.045000 0.061000
1 0.321000 0.587000 0.044000 0.060000
1 0.573000 0.285000 0.062000 0.052000
1 0.945000 0.330000 0.080000 0.044000
1 0.047500 0.504500 0.059000 0.051000
1 0.723500 0.931500 0.051000 0.081000
1 0.468000 0.300000 0.048000 0.042000
1 0.155000 0.469500 0.070000 0.065000
1 0.314000 0.119000 0.072000 0.048000
1 0.505000 0.167000 0.060000 0.056000
1 0.100000 0.086000 0.042000 0.038000
1 0.129500 0.140000 0.045000 0.040000
1 0.502000 0.715500 0.036000 0.053000
1 0.248500 0.101500 0.053000 0.035000
1 0.382500 0.705500 0.087000 0.063000
1 0.341500 0.179000 0.091000 0.078000
1 0.263500 0.544000 0.061000 0.072000
1 0.599500 0.147500 0.053000 0.051000
1 0.136500 0.530000 0.049000 0.034000
1 0.147000 0.113500 0.044000 0.037000
1 0.414500 0.278500 0.057000 0.047000
1 0.214000 0.677000 0.038000 0.064000
1 0.634000 0.590000 0.068000 0.056000