1 0.352500 0.106500 0.051000 0.047000
2 0.941000 0.452500 0.048000 0.033000
1 0.821000 0.375500 0.032000 0.027000
1 0.147000 0.279500 0.060000 0.047000
1 0.659000 0.356000 0.050000 0.056000
1 0.979500 0.432000 0.039000 0.068000
1 0.902000 0.815000 0.042000 0.036000
1 0.202000 0.341000 0.050000 0.056000
1 0.700000 0.243000 0.066000 0.050000
1 0.279000 0.618000 0.060000 0.060000
1 0.061500 0.614000 0.069000 0.066000
1 0.719500 0.039000 0.045000 0.056000
1 0.424500 0.137000 0.061000 0.044000
1 0.572500 0.615000 0.057000 0.046000
1 0.654500 0.575000 0.055000 0.052000
1 0.946000 0.070000 0.038000 0.050000
1 0.635000 0.960500 0.062000 0.049000
1 0.504000 0.655000 0.060000 0.060000
1 0.873000 0.283000 0.050000 0.050000
2 0.588500 0.868000 0.055000 0.044000
1 0.024000 0.980500 0.048000 0.037000
1 0.752500 0.425500 0.059000 0.051000
1 0.954500 0.279500 0.061000 0.047000
1 0.698000 0.396000 0.062000 0.040000
1 0.599500 0.226500 0.057000 0.033000
1 0.194000 0.799000 0.062000 0.058000
1 0.055000 0.259000 0.064000 0.056000
1 0.412000 0.277500 0.058000 0.051000
1 0.638000 0.747500 0.052000 0.057000
1 0.248000 0.286000 0.066000 0.050000
1 0.810000 0.418000 0.068000 0.050000
1 0.027000 0.893500 0.054000 0.065000
1 0.697000 0.638000 0.042000 0.048000
1 0.083500 0.834000 0.079000 0.080000
1 0.719500 0.820500 0.059000 0.055000
1 0.268500 0.407500 0.057000 0.061000
1 0.666000 0.836500 0.056000 0.053000
2 0.189000 0.500000 0.036000 0.038000
2 0.123500 0.393000 0.039000 0.032000
2 0.341500 0.355500 0.047000 0.041000
2 0.974500 0.489500 0.035000 0.043000
1 0.946000 0.153500 0.066000 0.055000
1 0.703500 0.445000 0.055000 0.060000
1 0.621000 0.412000 0.054000 0.044000
1 0.709500 0.942000 0.075000 0.062000
1 0.261500 0.746000 0.083000 0.060000
1 0.825000 0.792500 0.070000 0.049000
1 0.313500 0.463000 0.061000 0.038000
1 0.875500 0.373000 0.047000 0.064000
1 0.372000 0.664500 0.060000 0.047000
1 0.643500 0.288500 0.069000 0.053000
1 0.267500 0.927500 0.091000 0.081000
1 0.855500 0.472500 0.061000 0.051000
1 0.870000 0.098500 0.064000 0.045000
1 0.741500 0.176500 0.061000 0.047000
1 0.384000 0.586500 0.070000 0.059000
1 0.501000 0.559500 0.048000 0.043000
1 0.652000 0.120000 0.072000 0.060000
1 0.094000 0.516500 0.074000 0.063000
1 0.314500 0.683500 0.053000 0.045000
2 0.647500 0.480000 0.051000 0.040000
1 0.239500 0.692000 0.063000 0.056000
1 0.153500 0.716000 0.065000 0.062000
1 0.581000 0.516500 0.056000 0.047000
1 0.405000 0.206000 0.060000 0.050000
1 0.554000 0.155500 0.050000 0.055000