2 0.779000 0.781000 0.054000 0.054000
1 0.108000 0.479000 0.064000 0.074000
1 0.053000 0.980000 0.050000 0.032000
1 0.970000 0.826000 0.052000 0.068000
1 0.422000 0.191000 0.072000 0.074000
2 0.712000 0.970000 0.056000 0.056000
1 0.450000 0.948000 0.060000 0.096000
1 0.049000 0.479000 0.046000 0.050000
1 0.103000 0.661000 0.050000 0.102000
1 0.523000 0.945000 0.050000 0.070000
2 0.644000 0.792000 0.048000 0.056000
1 0.449000 0.313000 0.062000 0.070000
1 0.082000 0.873000 0.056000 0.054000
1 0.460000 0.108000 0.064000 0.068000
1 0.398000 0.766000 0.068000 0.076000
2 0.028000 0.670000 0.040000 0.052000