1 0.480000 0.445000 0.064000 0.078000
1 0.365000 0.628000 0.054000 0.068000
1 0.080000 0.540000 0.060000 0.052000
1 0.153000 0.447000 0.062000 0.074000
1 0.896000 0.568000 0.056000 0.100000
1 0.385000 0.345000 0.126000 0.078000
1 0.234000 0.178000 0.112000 0.096000
1 0.597000 0.590000 0.066000 0.072000
1 0.256000 0.860000 0.064000 0.048000
1 0.128000 0.385000 0.092000 0.066000
1 0.543000 0.936000 0.106000 0.120000
1 0.373000 0.450000 0.062000 0.044000
1 0.559000 0.367000 0.082000 0.086000
1 0.196000 0.779000 0.060000 0.070000
1 0.472000 0.595000 0.064000 0.062000
1 0.618000 0.074000 0.104000 0.120000
1 0.044000 0.477000 0.060000 0.082000
1 0.532000 0.771000 0.096000 0.126000
1 0.235000 0.460000 0.070000 0.044000
1 0.338000 0.959000 0.068000 0.078000
1 0.283000 0.548000 0.050000 0.072000
1 0.174000 0.648000 0.072000 0.116000
1 0.632000 0.392000 0.072000 0.080000
1 0.055000 0.113000 0.086000 0.078000
1 0.356000 0.553000 0.072000 0.066000