1 0.392000 0.499000 0.104000 0.082000
1 0.416000 0.160000 0.084000 0.068000
1 0.042000 0.177000 0.080000 0.086000
1 0.358000 0.329000 0.072000 0.078000
1 0.258000 0.106000 0.092000 0.080000
1 0.877000 0.381000 0.130000 0.098000
1 0.877000 0.659000 0.122000 0.098000
1 0.163000 0.519000 0.094000 0.090000
1 0.479000 0.853000 0.086000 0.086000
1 0.056000 0.103000 0.084000 0.058000
1 0.661000 0.110000 0.138000 0.104000
1 0.888000 0.970000 0.128000 0.056000
1 0.023000 0.453000 0.046000 0.098000
1 0.436000 0.679000 0.096000 0.094000