1 0.804000 0.173000 0.048000 0.050000
1 0.115000 0.559000 0.050000 0.070000
1 0.780000 0.367000 0.052000 0.054000
1 0.821000 0.476000 0.062000 0.060000
1 0.553000 0.025000 0.098000 0.050000
1 0.956000 0.496000 0.064000 0.076000
1 0.768000 0.307000 0.048000 0.054000
1 0.956000 0.711000 0.068000 0.094000
1 0.981000 0.295000 0.034000 0.070000
1 0.650000 0.238000 0.092000 0.120000
1 0.621000 0.447000 0.058000 0.090000
1 0.929000 0.576000 0.066000 0.060000
1 0.363000 0.412000 0.062000 0.100000
1 0.877000 0.631000 0.054000 0.058000
1 0.940000 0.801000 0.060000 0.062000
1 0.271000 0.401000 0.066000 0.094000
1 0.318000 0.410000 0.048000 0.052000
1 0.825000 0.807000 0.070000 0.054000
1 0.116000 0.757000 0.044000 0.070000
1 0.758000 0.854000 0.052000 0.068000
1 0.519000 0.089000 0.070000 0.074000
1 0.049000 0.124000 0.090000 0.068000
1 0.686000 0.776000 0.080000 0.072000
1 0.219000 0.097000 0.070000 0.086000
1 0.212000 0.203000 0.068000 0.086000
1 0.117000 0.448000 0.046000 0.068000
1 0.943000 0.334000 0.062000 0.052000
1 0.880000 0.282000 0.088000 0.108000
1 0.869000 0.489000 0.054000 0.054000
1 0.781000 0.940000 0.090000 0.072000
1 0.896000 0.216000 0.064000 0.040000
1 0.620000 0.106000 0.048000 0.084000
1 0.316000 0.106000 0.088000 0.084000
1 0.573000 0.446000 0.046000 0.068000
1 0.850000 0.707000 0.072000 0.066000
1 0.901000 0.850000 0.066000 0.060000
1 0.795000 0.565000 0.078000 0.086000
1 0.883000 0.124000 0.058000 0.040000
1 0.279000 0.171000 0.042000 0.042000
1 0.113000 0.655000 0.042000 0.070000
1 0.523000 0.437000 0.054000 0.098000
1 0.797000 0.256000 0.070000 0.064000
1 0.025000 0.189000 0.042000 0.050000
1 0.239000 0.024000 0.106000 0.048000
1 0.113000 0.315000 0.050000 0.074000
1 0.127000 0.838000 0.070000 0.048000
1 0.980000 0.569000 0.036000 0.062000
1 0.874000 0.910000 0.076000 0.064000
1 0.965000 0.978000 0.066000 0.040000
1 0.508000 0.198000 0.092000 0.084000
1 0.294000 0.258000 0.056000 0.044000
1 0.599000 0.945000 0.070000 0.086000