1 0.374000 0.236500 0.052000 0.043000
1 0.724500 0.453000 0.053000 0.056000
1 0.853500 0.159000 0.067000 0.094000
1 0.634500 0.465000 0.059000 0.054000
1 0.938500 0.194000 0.055000 0.088000
1 0.567500 0.138000 0.075000 0.086000
1 0.045000 0.100000 0.060000 0.054000
1 0.407000 0.052500 0.062000 0.057000
1 0.306500 0.160000 0.069000 0.048000
1 0.828000 0.376000 0.066000 0.084000
1 0.748500 0.254000 0.063000 0.084000
1 0.463500 0.264000 0.061000 0.072000
1 0.663000 0.101000 0.092000 0.078000
1 0.158000 0.141500 0.078000 0.059000
1 0.778000 0.513000 0.050000 0.052000
1 0.484000 0.127500 0.074000 0.093000
1 0.673500 0.180500 0.061000 0.061000
1 0.627000 0.238000 0.050000 0.054000
1 0.648000 0.317000 0.056000 0.054000
1 0.817500 0.246000 0.045000 0.076000