1 0.509000 0.766000 0.054000 0.080000
1 0.109000 0.659000 0.074000 0.074000
1 0.700000 0.472000 0.072000 0.064000
1 0.738000 0.710000 0.068000 0.068000
1 0.211000 0.310000 0.054000 0.056000
1 0.025000 0.677000 0.050000 0.062000
1 0.211000 0.607000 0.062000 0.082000
1 0.096000 0.444000 0.068000 0.072000
1 0.049000 0.931000 0.054000 0.062000
1 0.945000 0.497000 0.046000 0.042000
1 0.045000 0.319000 0.070000 0.066000
1 0.902000 0.569000 0.044000 0.042000
1 0.135000 0.309000 0.066000 0.070000
1 0.313000 0.051000 0.066000 0.062000
1 0.730000 0.356000 0.068000 0.084000
1 0.115000 0.959000 0.086000 0.070000
1 0.047000 0.755000 0.070000 0.070000
1 0.612000 0.137000 0.080000 0.070000
1 0.739000 0.592000 0.038000 0.056000
1 0.857000 0.441000 0.038000 0.050000
1 0.856000 0.566000 0.056000 0.064000
1 0.196000 0.493000 0.068000 0.054000
1 0.945000 0.545000 0.050000 0.070000
1 0.850000 0.393000 0.036000 0.046000
1 0.920000 0.425000 0.068000 0.054000
1 0.042000 0.082000 0.084000 0.064000
1 0.539000 0.507000 0.050000 0.074000
2 0.535000 0.406000 0.114000 0.076000
1 0.523000 0.641000 0.058000 0.046000
1 0.218000 0.895000 0.084000 0.078000
1 0.129000 0.860000 0.054000 0.060000
1 0.267000 0.976000 0.066000 0.040000
1 0.909000 0.841000 0.070000 0.074000
1 0.601000 0.193000 0.086000 0.066000
1 0.678000 0.886000 0.076000 0.076000
1 0.028000 0.456000 0.056000 0.068000
1 0.115000 0.540000 0.062000 0.092000
1 0.790000 0.866000 0.056000 0.072000
1 0.318000 0.144000 0.064000 0.056000
1 0.652000 0.024000 0.068000 0.044000