1 0.338000 0.157500 0.038000 0.041000
1 0.743500 0.516500 0.053000 0.043000
2 0.875500 0.069500 0.049000 0.043000
1 0.403000 0.508500 0.040000 0.053000
1 0.877500 0.014000 0.057000 0.028000
1 0.680000 0.492500 0.058000 0.065000
1 0.610000 0.473000 0.072000 0.050000
1 0.481500 0.488500 0.045000 0.045000
1 0.364000 0.951000 0.056000 0.072000
1 0.507000 0.285000 0.068000 0.058000
1 0.967000 0.020500 0.054000 0.041000
1 0.952500 0.056500 0.063000 0.033000
1 0.889000 0.411000 0.044000 0.052000
1 0.509500 0.172000 0.067000 0.056000
1 0.412500 0.709000 0.051000 0.072000
1 0.893000 0.511500 0.060000 0.027000
1 0.549500 0.038000 0.067000 0.076000
1 0.632500 0.073000 0.077000 0.062000
1 0.559500 0.901000 0.073000 0.072000
1 0.963000 0.948500 0.062000 0.047000
1 0.434500 0.076500 0.037000 0.051000
1 0.362000 0.603000 0.074000 0.056000