1 0.264500 0.838000 0.051000 0.056000
1 0.450500 0.721500 0.045000 0.047000
1 0.587000 0.182000 0.066000 0.060000
1 0.973500 0.818000 0.051000 0.064000
1 0.356500 0.673000 0.069000 0.046000
1 0.351000 0.203000 0.052000 0.052000
1 0.295000 0.525500 0.056000 0.045000
1 0.045500 0.250000 0.051000 0.056000
1 0.167500 0.391000 0.059000 0.052000
1 0.871000 0.186500 0.078000 0.059000
1 0.077500 0.721500 0.071000 0.079000
1 0.337000 0.416500 0.078000 0.101000
1 0.265500 0.617000 0.069000 0.054000
1 0.956000 0.669000 0.062000 0.078000