1 0.554000 0.806000 0.040000 0.024000
1 0.299000 0.166000 0.054000 0.058000
1 0.972000 0.166500 0.054000 0.079000
1 0.608500 0.807500 0.035000 0.021000
1 0.685000 0.219000 0.072000 0.054000
1 0.254000 0.653500 0.038000 0.045000
1 0.900500 0.785500 0.103000 0.091000
1 0.474000 0.698000 0.068000 0.056000
1 0.901000 0.368500 0.146000 0.083000
1 0.847000 0.224000 0.040000 0.040000
1 0.841000 0.585000 0.116000 0.114000
1 0.337000 0.313000 0.058000 0.044000
1 0.481500 0.147000 0.075000 0.066000
1 0.564500 0.120500 0.081000 0.069000
1 0.593500 0.609000 0.075000 0.058000
1 0.555000 0.837000 0.040000 0.026000
1 0.608000 0.831000 0.038000 0.024000
1 0.958000 0.489000 0.082000 0.134000
1 0.777500 0.207500 0.075000 0.067000
1 0.418500 0.632000 0.045000 0.056000
1 0.492500 0.265000 0.053000 0.048000
1 0.665000 0.441500 0.114000 0.069000
1 0.894000 0.188000 0.066000 0.056000
1 0.831500 0.485000 0.075000 0.082000
1 0.272000 0.778000 0.048000 0.070000
1 0.169500 0.265000 0.055000 0.048000
1 0.559500 0.866500 0.041000 0.027000
1 0.227500 0.178500 0.051000 0.041000
1 0.857500 0.053000 0.085000 0.070000
1 0.706500 0.598500 0.151000 0.107000
1 0.412500 0.300500 0.077000 0.051000
1 0.578500 0.246500 0.055000 0.053000
1 0.257000 0.728000 0.072000 0.056000
1 0.960500 0.036500 0.077000 0.065000
1 0.024000 0.349000 0.048000 0.056000
1 0.015500 0.298500 0.031000 0.053000
1 0.899000 0.552000 0.056000 0.072000
1 0.621500 0.029500 0.057000 0.059000
1 0.260000 0.358000 0.058000 0.048000
1 0.615000 0.862000 0.024000 0.036000
1 0.608000 0.781000 0.034000 0.024000