1 0.270000 0.187000 0.060000 0.050000
1 0.581000 0.701500 0.068000 0.069000
1 0.807000 0.123000 0.068000 0.072000
1 0.225000 0.647000 0.054000 0.056000
1 0.543000 0.240500 0.062000 0.065000
1 0.873000 0.894500 0.098000 0.063000
1 0.641000 0.233000 0.058000 0.046000
1 0.765000 0.518500 0.076000 0.071000
1 0.093500 0.714500 0.079000 0.087000
1 0.548000 0.588000 0.062000 0.074000
1 0.116000 0.802000 0.052000 0.040000
1 0.025000 0.203000 0.050000 0.052000
1 0.298500 0.902000 0.087000 0.086000
1 0.888500 0.331000 0.063000 0.056000
1 0.569000 0.965000 0.060000 0.056000
1 0.629000 0.145000 0.058000 0.064000
1 0.020500 0.370000 0.041000 0.062000
1 0.735500 0.685500 0.081000 0.081000
1 0.471000 0.181000 0.068000 0.058000
1 0.118500 0.036000 0.041000 0.048000
1 0.026000 0.598500 0.052000 0.061000
1 0.562500 0.324000 0.049000 0.044000
1 0.405000 0.273500 0.060000 0.053000
1 0.775000 0.905500 0.056000 0.037000
1 0.102000 0.330000 0.048000 0.052000
1 0.675500 0.318000 0.065000 0.066000
1 0.594500 0.055500 0.049000 0.047000
1 0.884500 0.679000 0.063000 0.058000
1 0.259500 0.956000 0.085000 0.076000
1 0.487500 0.578000 0.059000 0.072000
1 0.660000 0.579500 0.070000 0.055000
1 0.179000 0.047500 0.056000 0.045000
1 0.389000 0.380500 0.038000 0.043000
1 0.136500 0.116500 0.055000 0.047000
1 0.884500 0.490500 0.065000 0.065000
1 0.372500 0.318000 0.085000 0.080000
1 0.684000 0.969500 0.046000 0.031000
1 0.939000 0.431000 0.052000 0.062000
1 0.969500 0.216000 0.047000 0.056000
1 0.575500 0.844000 0.063000 0.064000
1 0.459500 0.503000 0.057000 0.058000
1 0.288500 0.507500 0.073000 0.083000
1 0.683000 0.419500 0.068000 0.077000
1 0.507500 0.937000 0.069000 0.062000
1 0.572000 0.454500 0.062000 0.067000
1 0.516500 0.412500 0.059000 0.061000
1 0.770000 0.208500 0.066000 0.071000
1 0.224500 0.255500 0.061000 0.063000
1 0.491500 0.301000 0.061000 0.068000
1 0.853500 0.427000 0.075000 0.078000
1 0.382000 0.607500 0.078000 0.065000
1 0.875000 0.171000 0.064000 0.056000
1 0.628500 0.780000 0.065000 0.064000
1 0.379000 0.465000 0.068000 0.060000
1 0.512500 0.273000 0.049000 0.046000
1 0.036500 0.967000 0.049000 0.050000
1 0.845000 0.233500 0.054000 0.055000
1 0.685000 0.826000 0.076000 0.064000
1 0.299000 0.099500 0.054000 0.057000
1 0.789000 0.043500 0.056000 0.059000
1 0.598500 0.392000 0.057000 0.052000
1 0.320500 0.288500 0.043000 0.047000
1 0.149000 0.260000 0.056000 0.046000
1 0.150500 0.763000 0.059000 0.068000
1 0.273000 0.689000 0.064000 0.064000
1 0.464500 0.044000 0.051000 0.046000
1 0.245000 0.339500 0.076000 0.075000
1 0.672000 0.742000 0.084000 0.076000
1 0.783000 0.977000 0.040000 0.044000