1 0.818000 0.737000 0.064000 0.070000
1 0.693000 0.162000 0.058000 0.064000
1 0.601000 0.582000 0.082000 0.084000
2 0.964000 0.765000 0.056000 0.054000
1 0.439000 0.479000 0.090000 0.102000
1 0.033000 0.957000 0.066000 0.082000
1 0.510000 0.129000 0.096000 0.094000
1 0.107000 0.079000 0.070000 0.094000
1 0.126000 0.782000 0.056000 0.064000
1 0.110000 0.863000 0.048000 0.078000
2 0.200000 0.529000 0.072000 0.074000
1 0.382000 0.745000 0.060000 0.070000
1 0.736000 0.495000 0.068000 0.070000
1 0.733000 0.337000 0.070000 0.074000
1 0.229000 0.975000 0.058000 0.046000
1 0.187000 0.341000 0.114000 0.106000
1 0.586000 0.220000 0.076000 0.088000