1 0.419000 0.631000 0.076000 0.066000
1 0.249500 0.875000 0.047000 0.050000
1 0.666000 0.561500 0.096000 0.069000
1 0.302500 0.555000 0.073000 0.062000
1 0.890000 0.262000 0.052000 0.042000
1 0.317500 0.461000 0.043000 0.046000
1 0.198000 0.539000 0.082000 0.054000
1 0.108000 0.449000 0.078000 0.066000
1 0.029000 0.810500 0.058000 0.045000
1 0.759500 0.216500 0.061000 0.085000
1 0.544000 0.892500 0.050000 0.057000
1 0.428000 0.455000 0.084000 0.064000
1 0.311500 0.849500 0.045000 0.049000
1 0.564500 0.349500 0.067000 0.065000
1 0.311500 0.802000 0.061000 0.050000
1 0.727000 0.939000 0.070000 0.046000
1 0.638500 0.756000 0.063000 0.042000
1 0.515500 0.269500 0.059000 0.047000
1 0.463000 0.256000 0.054000 0.050000
1 0.049000 0.356000 0.054000 0.062000
1 0.553500 0.711500 0.069000 0.049000
1 0.683000 0.883500 0.056000 0.055000
1 0.072500 0.159000 0.071000 0.052000
1 0.060500 0.255500 0.071000 0.049000
1 0.095500 0.516500 0.069000 0.045000
1 0.510000 0.125500 0.058000 0.043000
1 0.160000 0.158500 0.064000 0.051000
1 0.075500 0.018500 0.055000 0.037000
1 0.595000 0.218000 0.044000 0.056000
1 0.507500 0.618500 0.065000 0.055000
1 0.574000 0.109500 0.076000 0.043000
1 0.664500 0.695000 0.045000 0.042000
1 0.524000 0.216000 0.058000 0.064000
1 0.889000 0.397500 0.040000 0.053000
1 0.828500 0.465000 0.067000 0.054000
1 0.387500 0.217000 0.053000 0.054000