1 0.392500 0.806000 0.031000 0.058000
1 0.963500 0.614500 0.029000 0.043000
1 0.395500 0.960000 0.031000 0.062000
1 0.079500 0.627000 0.051000 0.026000
1 0.403500 0.608000 0.049000 0.034000
1 0.350000 0.964500 0.060000 0.041000
1 0.477000 0.556000 0.066000 0.050000
1 0.579500 0.842000 0.049000 0.070000
1 0.308500 0.968000 0.037000 0.058000
1 0.658000 0.609000 0.056000 0.056000
1 0.073500 0.446500 0.045000 0.041000
1 0.777000 0.631500 0.058000 0.035000
1 0.504000 0.859500 0.064000 0.053000
1 0.440500 0.954000 0.031000 0.056000
1 0.174000 0.730500 0.040000 0.025000