1 0.334500 0.773000 0.055000 0.074000
1 0.420500 0.361500 0.035000 0.045000
1 0.268000 0.344500 0.050000 0.049000
1 0.698000 0.959500 0.166000 0.065000
1 0.073000 0.827000 0.086000 0.064000
1 0.462500 0.629000 0.059000 0.052000
1 0.905500 0.439000 0.043000 0.052000
1 0.745500 0.315000 0.049000 0.064000
1 0.027500 0.296000 0.055000 0.140000
1 0.827000 0.491500 0.050000 0.053000
1 0.839000 0.342500 0.040000 0.059000
1 0.128000 0.354500 0.054000 0.079000
1 0.306500 0.128000 0.047000 0.044000
1 0.883500 0.899500 0.045000 0.071000
1 0.329000 0.479500 0.040000 0.043000
1 0.540000 0.891500 0.054000 0.037000
1 0.887000 0.498000 0.056000 0.056000
1 0.882000 0.823500 0.046000 0.077000
1 0.368500 0.358500 0.051000 0.061000
1 0.977000 0.811500 0.030000 0.059000
1 0.701000 0.482500 0.104000 0.079000
1 0.845000 0.168000 0.096000 0.052000
1 0.190000 0.865000 0.086000 0.100000
1 0.924000 0.639500 0.050000 0.049000
1 0.419500 0.124000 0.057000 0.038000
1 0.577000 0.385000 0.042000 0.072000
1 0.378000 0.303000 0.056000 0.044000
1 0.852000 0.720500 0.096000 0.079000
1 0.702500 0.302000 0.033000 0.056000
1 0.955000 0.522500 0.074000 0.095000
1 0.945000 0.427000 0.044000 0.062000
1 0.151000 0.644500 0.062000 0.059000
1 0.939000 0.350500 0.052000 0.057000
1 0.219000 0.345500 0.044000 0.033000