1 0.020000 0.231000 0.040000 0.038000
1 0.122000 0.270000 0.048000 0.040000
0 0.205000 0.602000 0.106000 0.052000
2 0.248000 0.292000 0.044000 0.088000
1 0.268000 0.744000 0.064000 0.044000
2 0.089000 0.437000 0.038000 0.054000
1 0.200000 0.882000 0.056000 0.076000
1 0.442000 0.392000 0.064000 0.036000
1 0.325000 0.317000 0.026000 0.034000
1 0.033000 0.858000 0.066000 0.180000
1 0.262000 0.225000 0.036000 0.042000
1 0.220000 0.494000 0.048000 0.040000
1 0.449000 0.334000 0.062000 0.052000
1 0.279000 0.350000 0.042000 0.040000
1 0.277000 0.574000 0.046000 0.052000
1 0.195000 0.957000 0.046000 0.054000
2 0.036000 0.577000 0.032000 0.038000
1 0.342000 0.363000 0.080000 0.054000
1 0.365000 0.323000 0.042000 0.034000
0 0.202000 0.693000 0.144000 0.098000
2 0.059000 0.505000 0.038000 0.054000
1 0.311000 0.062000 0.046000 0.076000