1 0.515000 0.610000 0.058000 0.044000
1 0.471500 0.969000 0.055000 0.034000
1 0.015000 0.603000 0.022000 0.066000
1 0.931000 0.457500 0.098000 0.063000
1 0.024500 0.895000 0.027000 0.064000
1 0.546000 0.713000 0.048000 0.052000
1 0.320000 0.539500 0.054000 0.045000
1 0.421500 0.732500 0.067000 0.049000
1 0.962000 0.538000 0.028000 0.044000
1 0.013500 0.674000 0.017000 0.068000
1 0.719000 0.534500 0.050000 0.037000
1 0.145000 0.647000 0.034000 0.048000
1 0.057500 0.655500 0.033000 0.047000
1 0.078500 0.632500 0.027000 0.059000
1 0.194500 0.623500 0.055000 0.031000
1 0.115000 0.493000 0.056000 0.018000
1 0.275000 0.515500 0.032000 0.071000
1 0.133500 0.830000 0.061000 0.046000
1 0.209000 0.538500 0.032000 0.099000
1 0.086500 0.433000 0.035000 0.036000
1 0.063000 0.796500 0.062000 0.059000
1 0.062500 0.979500 0.075000 0.039000
1 0.073000 0.902000 0.054000 0.050000
1 0.487000 0.506000 0.044000 0.068000
1 0.112500 0.573500 0.075000 0.023000
1 0.390500 0.543500 0.021000 0.041000
1 0.453500 0.546500 0.029000 0.039000
1 0.138000 0.755000 0.048000 0.060000
1 0.056000 0.706500 0.040000 0.029000
1 0.849000 0.526000 0.020000 0.046000
1 0.143000 0.960500 0.034000 0.075000
1 0.595500 0.632000 0.063000 0.044000
1 0.262500 0.425500 0.031000 0.019000
1 0.439000 0.885000 0.078000 0.050000
1 0.915000 0.552500 0.046000 0.029000
1 0.420000 0.502500 0.048000 0.051000
1 0.118000 0.601000 0.076000 0.026000
1 0.143500 0.706000 0.041000 0.034000
1 0.724500 0.617500 0.047000 0.037000