1 0.239000 0.425000 0.050000 0.054000
1 0.509000 0.091000 0.066000 0.058000
1 0.694000 0.638000 0.072000 0.064000
1 0.756000 0.622000 0.060000 0.048000
1 0.482000 0.942000 0.052000 0.040000
1 0.690000 0.921000 0.060000 0.058000
1 0.617000 0.653000 0.066000 0.062000
1 0.405000 0.761000 0.070000 0.054000
1 0.202000 0.349000 0.064000 0.094000
1 0.323000 0.501000 0.034000 0.062000
1 0.597000 0.799000 0.066000 0.058000
1 0.287000 0.663000 0.058000 0.042000
1 0.775000 0.874000 0.054000 0.060000
1 0.292000 0.770000 0.072000 0.116000
1 0.333000 0.429000 0.078000 0.050000
1 0.357000 0.713000 0.066000 0.054000
1 0.376000 0.558000 0.072000 0.060000
1 0.539000 0.676000 0.078000 0.068000
1 0.296000 0.581000 0.060000 0.058000
1 0.953000 0.947000 0.062000 0.070000
1 0.540000 0.623000 0.052000 0.038000
1 0.607000 0.879000 0.066000 0.030000
1 0.796000 0.152000 0.052000 0.048000
1 0.909000 0.873000 0.102000 0.058000
1 0.322000 0.936000 0.060000 0.036000
1 0.626000 0.144000 0.064000 0.052000
1 0.018000 0.836000 0.036000 0.080000
1 0.532000 0.806000 0.060000 0.048000