1 0.053500 0.321000 0.067000 0.086000
1 0.272000 0.697500 0.054000 0.039000
1 0.268000 0.033000 0.094000 0.066000
1 0.352500 0.774000 0.047000 0.056000
1 0.166000 0.503000 0.080000 0.062000
1 0.045500 0.858000 0.063000 0.054000
1 0.442000 0.799500 0.046000 0.051000
1 0.110500 0.459000 0.055000 0.050000
1 0.018000 0.191500 0.036000 0.085000
1 0.664500 0.992500 0.097000 0.013000
1 0.447000 0.925500 0.042000 0.031000
1 0.092000 0.804500 0.068000 0.095000
1 0.893500 0.849000 0.093000 0.076000
1 0.685500 0.963000 0.043000 0.036000
1 0.877500 0.957500 0.053000 0.059000
1 0.332000 0.710000 0.028000 0.044000
1 0.729500 0.881500 0.047000 0.049000
1 0.589000 0.990000 0.036000 0.018000
1 0.635500 0.866500 0.045000 0.027000
1 0.027000 0.567000 0.054000 0.078000
1 0.322000 0.619000 0.044000 0.094000
1 0.467000 0.045000 0.046000 0.062000
1 0.169500 0.939000 0.053000 0.058000