1 0.481000 0.160000 0.134000 0.084000
1 0.675000 0.424500 0.116000 0.105000
1 0.034000 0.853000 0.064000 0.042000
1 0.308000 0.459000 0.158000 0.156000
1 0.508000 0.571000 0.190000 0.186000
1 0.956000 0.595500 0.086000 0.109000
1 0.858000 0.229000 0.096000 0.098000
1 0.097000 0.023500 0.082000 0.041000
1 0.047500 0.938500 0.091000 0.101000
1 0.775500 0.851000 0.173000 0.172000
1 0.829000 0.749000 0.162000 0.146000
1 0.580000 0.873000 0.076000 0.074000
1 0.344000 0.744500 0.340000 0.279000
1 0.138000 0.284000 0.108000 0.092000
1 0.795000 0.046000 0.108000 0.064000
1 0.154000 0.607000 0.126000 0.150000
1 0.911000 0.666500 0.128000 0.133000
1 0.354000 0.279000 0.212000 0.220000