1 0.440500 0.949000 0.059000 0.038000
1 0.709000 0.756000 0.050000 0.038000
1 0.182500 0.199500 0.033000 0.047000
1 0.339000 0.335500 0.044000 0.033000
1 0.740000 0.739500 0.032000 0.107000
1 0.135000 0.376000 0.048000 0.026000
1 0.662000 0.728000 0.040000 0.082000
1 0.148000 0.208500 0.036000 0.037000
1 0.149000 0.471500 0.048000 0.041000
1 0.448000 0.823000 0.084000 0.076000
1 0.148500 0.441500 0.045000 0.037000
1 0.125500 0.274000 0.043000 0.034000
1 0.130000 0.341500 0.046000 0.037000
1 0.132000 0.304500 0.040000 0.035000
1 0.145000 0.407000 0.048000 0.036000
1 0.234000 0.332000 0.086000 0.064000
1 0.219500 0.193000 0.039000 0.048000
1 0.115500 0.235500 0.041000 0.037000
1 0.153500 0.505500 0.049000 0.041000
1 0.255000 0.238500 0.046000 0.037000