1 0.297000 0.774000 0.038000 0.056000
1 0.115000 0.635000 0.024000 0.048000
1 0.134000 0.861500 0.042000 0.061000
1 0.109500 0.307500 0.047000 0.043000
1 0.692500 0.843000 0.029000 0.036000
1 0.373500 0.926000 0.031000 0.042000
1 0.363000 0.520500 0.034000 0.051000
1 0.042000 0.976000 0.036000 0.028000
1 0.559500 0.692000 0.043000 0.056000
1 0.013000 0.535500 0.026000 0.057000
1 0.768000 0.698500 0.042000 0.049000
1 0.443000 0.198500 0.036000 0.053000
1 0.805500 0.949000 0.035000 0.062000
1 0.348500 0.979000 0.037000 0.040000
1 0.984000 0.153500 0.028000 0.039000
1 0.047000 0.852000 0.026000 0.034000
1 0.793000 0.047000 0.070000 0.056000
1 0.864500 0.867000 0.033000 0.046000
1 0.223500 0.247500 0.039000 0.043000
2 0.380000 0.235000 0.034000 0.024000
1 0.032000 0.194000 0.042000 0.060000
1 0.070000 0.121500 0.032000 0.045000
1 0.980500 0.391500 0.037000 0.059000
1 0.371500 0.593500 0.033000 0.049000
1 0.719000 0.780500 0.046000 0.057000
1 0.396000 0.367000 0.060000 0.030000
2 0.313000 0.150500 0.024000 0.025000
2 0.679500 0.209000 0.027000 0.024000
1 0.846500 0.462500 0.031000 0.045000
1 0.150500 0.083000 0.045000 0.026000
1 0.828500 0.313000 0.041000 0.048000
1 0.796000 0.153500 0.052000 0.057000