1 0.867500 0.407000 0.057000 0.066000
1 0.468000 0.209000 0.074000 0.060000
1 0.228500 0.030500 0.063000 0.039000
1 0.414000 0.047000 0.054000 0.040000
1 0.104500 0.140500 0.047000 0.055000
1 0.529500 0.013000 0.075000 0.026000
1 0.397000 0.543500 0.052000 0.055000
1 0.935000 0.290500 0.060000 0.069000
1 0.083000 0.073500 0.044000 0.059000
1 0.735000 0.676000 0.062000 0.042000
1 0.353000 0.042000 0.054000 0.042000
1 0.081000 0.018500 0.036000 0.035000
1 0.906500 0.620000 0.057000 0.048000
1 0.629500 0.352000 0.049000 0.060000