1 0.978000 0.608000 0.042000 0.064000
1 0.273500 0.531500 0.117000 0.105000
1 0.708500 0.448500 0.075000 0.061000
1 0.123500 0.652000 0.079000 0.082000
1 0.856500 0.384000 0.085000 0.090000
1 0.563500 0.527000 0.085000 0.078000
1 0.877500 0.863500 0.073000 0.079000
1 0.311500 0.653500 0.081000 0.085000
1 0.506000 0.556500 0.078000 0.073000
1 0.091000 0.705500 0.102000 0.109000
1 0.892000 0.285500 0.076000 0.067000
1 0.813000 0.279000 0.062000 0.046000
1 0.385000 0.630000 0.076000 0.078000
1 0.441000 0.603000 0.080000 0.072000
1 0.418500 0.533000 0.073000 0.062000
1 0.662000 0.193000 0.110000 0.112000
1 0.249500 0.785000 0.093000 0.068000
1 0.957000 0.142500 0.076000 0.071000
1 0.842000 0.646500 0.078000 0.085000
1 0.647000 0.501000 0.070000 0.068000
1 0.768500 0.670500 0.067000 0.063000
1 0.972000 0.296000 0.054000 0.084000
1 0.946000 0.829500 0.082000 0.069000
1 0.339500 0.588000 0.061000 0.076000
1 0.192000 0.591000 0.100000 0.076000
1 0.766500 0.356500 0.091000 0.071000
1 0.351000 0.466000 0.132000 0.114000
1 0.470000 0.321500 0.096000 0.099000