1 0.214000 0.254500 0.046000 0.039000
1 0.893500 0.649500 0.051000 0.067000
1 0.957500 0.862500 0.067000 0.051000
1 0.297500 0.913000 0.073000 0.072000
1 0.945500 0.567000 0.057000 0.062000
1 0.429000 0.666000 0.062000 0.062000
1 0.881000 0.895500 0.062000 0.087000
1 0.953000 0.921000 0.050000 0.068000
1 0.315500 0.830500 0.051000 0.061000
1 0.205000 0.869500 0.046000 0.053000
1 0.491500 0.668000 0.075000 0.044000
1 0.928000 0.802000 0.116000 0.084000
1 0.089500 0.027500 0.057000 0.051000
1 0.323500 0.690500 0.063000 0.075000
1 0.913000 0.321000 0.086000 0.122000
1 0.831000 0.717000 0.038000 0.050000
1 0.153000 0.694500 0.066000 0.055000
1 0.022000 0.769500 0.042000 0.059000
1 0.091000 0.625000 0.046000 0.060000
1 0.922500 0.727500 0.099000 0.053000