1 0.786000 0.851000 0.070000 0.076000
1 0.970000 0.327000 0.058000 0.080000
1 0.542500 0.240500 0.059000 0.043000
1 0.956000 0.605000 0.066000 0.068000
1 0.364000 0.305500 0.068000 0.061000
1 0.441000 0.515000 0.042000 0.042000
1 0.029000 0.720500 0.052000 0.049000
1 0.201500 0.148000 0.053000 0.046000
1 0.257500 0.791500 0.039000 0.043000
1 0.936500 0.820000 0.047000 0.050000
1 0.382000 0.767000 0.062000 0.062000
1 0.811500 0.349000 0.055000 0.050000
1 0.642000 0.701500 0.048000 0.043000
1 0.655000 0.241500 0.050000 0.049000
1 0.065000 0.886500 0.058000 0.053000
1 0.711500 0.152500 0.063000 0.053000
1 0.219500 0.543500 0.051000 0.047000
1 0.788500 0.525000 0.073000 0.070000
1 0.779500 0.021000 0.069000 0.042000
1 0.303000 0.653000 0.044000 0.046000
1 0.097000 0.426500 0.062000 0.063000
1 0.697000 0.602000 0.082000 0.076000
1 0.829500 0.458000 0.057000 0.054000
1 0.042000 0.984500 0.050000 0.029000
1 0.829500 0.980000 0.037000 0.036000
1 0.852500 0.927500 0.061000 0.065000
1 0.383000 0.973500 0.050000 0.047000
1 0.061000 0.105500 0.074000 0.059000
1 0.669000 0.532500 0.062000 0.065000
1 0.306500 0.064500 0.051000 0.045000
1 0.215500 0.775500 0.049000 0.043000
1 0.218000 0.877500 0.052000 0.051000
1 0.602000 0.674500 0.048000 0.041000
1 0.718500 0.747500 0.065000 0.087000
1 0.724500 0.927500 0.069000 0.069000
1 0.024000 0.041000 0.048000 0.050000
1 0.852500 0.606500 0.059000 0.059000
1 0.316500 0.156500 0.055000 0.053000
1 0.906500 0.641500 0.047000 0.051000
1 0.046500 0.361000 0.083000 0.072000
1 0.318500 0.452000 0.075000 0.058000
1 0.020500 0.217000 0.041000 0.040000
1 0.457000 0.827500 0.052000 0.055000
1 0.923000 0.971000 0.072000 0.056000
1 0.164000 0.459000 0.048000 0.042000
1 0.470500 0.365000 0.057000 0.060000
1 0.615500 0.958500 0.059000 0.055000
1 0.422500 0.785000 0.063000 0.066000
1 0.579000 0.202000 0.060000 0.072000
1 0.687000 0.867000 0.064000 0.052000
1 0.309500 0.256000 0.047000 0.048000
1 0.626000 0.304500 0.070000 0.059000