1 0.796500 0.670000 0.031000 0.044000
1 0.775000 0.736500 0.028000 0.053000
1 0.805500 0.978000 0.043000 0.038000
1 0.541000 0.854500 0.064000 0.037000
1 0.914500 0.563500 0.029000 0.057000
2 0.389000 0.667000 0.038000 0.040000
1 0.443000 0.785000 0.038000 0.050000
1 0.785500 0.850500 0.055000 0.047000
1 0.463500 0.897000 0.061000 0.060000
2 0.299000 0.967500 0.044000 0.037000
1 0.607000 0.853000 0.044000 0.034000
2 0.985500 0.892000 0.027000 0.046000
1 0.906000 0.456500 0.042000 0.055000
1 0.532000 0.774500 0.054000 0.041000