1 0.693500 0.486000 0.057000 0.056000
1 0.512000 0.403500 0.048000 0.047000
1 0.724000 0.122500 0.044000 0.037000
1 0.563500 0.472000 0.051000 0.044000
1 0.895500 0.636000 0.053000 0.044000
1 0.841000 0.732500 0.036000 0.051000
1 0.584500 0.435000 0.053000 0.054000
1 0.634000 0.471000 0.046000 0.038000
1 0.843500 0.623500 0.055000 0.055000
1 0.784000 0.596500 0.068000 0.057000
1 0.927500 0.612500 0.047000 0.045000
1 0.814000 0.048000 0.056000 0.076000
1 0.483500 0.375500 0.035000 0.043000
1 0.933500 0.199000 0.051000 0.036000
1 0.940500 0.660000 0.065000 0.050000
1 0.260500 0.225500 0.063000 0.053000
1 0.429000 0.069000 0.046000 0.050000
1 0.867000 0.176500 0.038000 0.023000
1 0.624000 0.141500 0.048000 0.031000
1 0.883000 0.735500 0.056000 0.051000