1 0.044000 0.343000 0.060000 0.042000
1 0.331500 0.728000 0.051000 0.044000
1 0.299000 0.942500 0.046000 0.065000
1 0.126500 0.778000 0.067000 0.040000
1 0.225500 0.187500 0.047000 0.049000
1 0.128000 0.688000 0.044000 0.046000
1 0.717500 0.087000 0.061000 0.052000
1 0.462500 0.301000 0.045000 0.056000
1 0.304000 0.425500 0.086000 0.079000
1 0.034000 0.190000 0.048000 0.048000
1 0.090000 0.540000 0.056000 0.048000
1 0.051500 0.638500 0.063000 0.053000
1 0.030500 0.042000 0.057000 0.040000
1 0.098000 0.251000 0.074000 0.054000
1 0.490000 0.611500 0.078000 0.075000
1 0.027000 0.688500 0.054000 0.049000
1 0.803000 0.088500 0.052000 0.039000
1 0.145000 0.474000 0.058000 0.072000
1 0.021000 0.792500 0.042000 0.055000
1 0.172000 0.361500 0.050000 0.055000
1 0.163000 0.183500 0.052000 0.061000
1 0.319500 0.828000 0.045000 0.062000
1 0.748000 0.017500 0.076000 0.035000