1 0.060000 0.785500 0.044000 0.037000
1 0.251500 0.662000 0.043000 0.054000
1 0.302500 0.193500 0.069000 0.081000
1 0.320000 0.105000 0.050000 0.042000
1 0.039500 0.699000 0.061000 0.054000
1 0.175000 0.740000 0.060000 0.054000
1 0.733000 0.599500 0.062000 0.069000
1 0.975500 0.519500 0.047000 0.073000
1 0.719000 0.695500 0.062000 0.069000
1 0.870000 0.600000 0.062000 0.052000
1 0.051500 0.245000 0.059000 0.062000
1 0.747000 0.483500 0.050000 0.053000
1 0.232500 0.731500 0.063000 0.063000
1 0.367500 0.028000 0.067000 0.056000
1 0.860000 0.679000 0.074000 0.058000
1 0.056500 0.113500 0.079000 0.069000
1 0.102000 0.690500 0.056000 0.041000
1 0.270000 0.071500 0.054000 0.045000
1 0.780000 0.561000 0.080000 0.068000
1 0.227500 0.598000 0.063000 0.060000
1 0.975500 0.938500 0.047000 0.051000
1 0.298500 0.732500 0.057000 0.063000
1 0.344000 0.717000 0.040000 0.044000