1 0.968000 0.447000 0.056000 0.042000
1 0.649500 0.871000 0.049000 0.040000
1 0.834000 0.822500 0.074000 0.049000
1 0.289000 0.255000 0.046000 0.052000
1 0.055000 0.566000 0.072000 0.048000
1 0.950500 0.354000 0.049000 0.046000
1 0.668000 0.709500 0.046000 0.037000
1 0.026500 0.172000 0.049000 0.034000
1 0.384000 0.887000 0.054000 0.046000
1 0.644000 0.973500 0.042000 0.051000
1 0.188500 0.966000 0.067000 0.056000
1 0.445500 0.087000 0.059000 0.036000
1 0.563000 0.743500 0.054000 0.039000
1 0.832000 0.598000 0.046000 0.050000
1 0.668000 0.063000 0.056000 0.056000