1 0.274500 0.250000 0.043000 0.062000
1 0.342000 0.097000 0.064000 0.090000
1 0.851500 0.038500 0.049000 0.047000
1 0.732000 0.601000 0.062000 0.054000
1 0.138000 0.435000 0.054000 0.044000
1 0.853500 0.432500 0.051000 0.053000
1 0.857500 0.346500 0.057000 0.039000
1 0.443000 0.827000 0.104000 0.094000
1 0.257000 0.021500 0.042000 0.039000
1 0.020500 0.237000 0.041000 0.072000
1 0.788500 0.737000 0.061000 0.038000
1 0.091000 0.485000 0.034000 0.054000
1 0.257000 0.189500 0.058000 0.039000
1 0.039000 0.645000 0.054000 0.050000
1 0.778500 0.426000 0.051000 0.050000
1 0.922000 0.316000 0.062000 0.038000
1 0.860500 0.733000 0.067000 0.040000
1 0.333000 0.824500 0.056000 0.053000
1 0.514000 0.102500 0.034000 0.055000
1 0.914000 0.439500 0.082000 0.071000
1 0.254500 0.090500 0.051000 0.039000
1 0.460500 0.434500 0.049000 0.061000
1 0.719000 0.697500 0.064000 0.057000
1 0.893500 0.692000 0.045000 0.044000
1 0.317500 0.022500 0.049000 0.045000
1 0.670500 0.065000 0.041000 0.062000
1 0.910500 0.020500 0.055000 0.041000
1 0.857000 0.962000 0.064000 0.060000