1 0.041000 0.639000 0.082000 0.078000
1 0.686000 0.870000 0.064000 0.080000
1 0.366000 0.572000 0.068000 0.060000
1 0.248000 0.126000 0.052000 0.060000
1 0.940000 0.900000 0.076000 0.056000
1 0.154000 0.398000 0.056000 0.044000
1 0.167000 0.732000 0.078000 0.080000
1 0.766000 0.363000 0.080000 0.046000
1 0.533000 0.618000 0.054000 0.056000
1 0.059000 0.275000 0.082000 0.054000
1 0.616000 0.485000 0.088000 0.058000
1 0.446000 0.317000 0.092000 0.118000
1 0.744000 0.600000 0.064000 0.072000
1 0.314000 0.732000 0.088000 0.084000
1 0.899000 0.512000 0.078000 0.068000
1 0.659000 0.102000 0.062000 0.092000
1 0.160000 0.060000 0.048000 0.056000
1 0.608000 0.706000 0.072000 0.076000
1 0.762000 0.761000 0.088000 0.070000
1 0.626000 0.380000 0.068000 0.064000
1 0.502000 0.491000 0.048000 0.058000