1 0.075000 0.397000 0.150000 0.074000
1 0.148000 0.368000 0.080000 0.060000
1 0.208000 0.081000 0.200000 0.094000
1 0.521000 0.033000 0.094000 0.066000
0 0.186000 0.753000 0.052000 0.050000
1 0.508000 0.896000 0.072000 0.072000
1 0.206000 0.293000 0.192000 0.078000
1 0.090000 0.534000 0.104000 0.040000
1 0.570000 0.207000 0.088000 0.070000
1 0.422000 0.945000 0.092000 0.090000
1 0.651000 0.551000 0.086000 0.078000
1 0.073000 0.189000 0.138000 0.078000
1 0.617000 0.379000 0.078000 0.082000
1 0.337000 0.915000 0.062000 0.050000