1 0.256000 0.558000 0.072000 0.068000
1 0.574000 0.362000 0.076000 0.096000
1 0.918000 0.427000 0.100000 0.046000
1 0.134000 0.729000 0.092000 0.058000
1 0.558000 0.120000 0.056000 0.044000
1 0.325000 0.391000 0.078000 0.058000
1 0.591000 0.488000 0.046000 0.036000
1 0.629000 0.264000 0.074000 0.048000
1 0.070000 0.117000 0.048000 0.046000
1 0.500000 0.593000 0.084000 0.058000
1 0.369000 0.973000 0.066000 0.050000
1 0.020000 0.099000 0.040000 0.074000
1 0.046000 0.840000 0.064000 0.068000
1 0.193000 0.863000 0.090000 0.074000
1 0.819000 0.439000 0.062000 0.038000
1 0.644000 0.458000 0.068000 0.072000
1 0.545000 0.057000 0.054000 0.066000
1 0.340000 0.030000 0.064000 0.060000
1 0.427000 0.384000 0.086000 0.072000
1 0.197000 0.042000 0.070000 0.064000
1 0.056000 0.954000 0.108000 0.040000
1 0.285000 0.979000 0.062000 0.038000
1 0.461000 0.271000 0.066000 0.078000
1 0.628000 0.107000 0.060000 0.054000
1 0.434000 0.662000 0.064000 0.040000
1 0.687000 0.892000 0.078000 0.108000
1 0.266000 0.225000 0.072000 0.054000
1 0.185000 0.412000 0.058000 0.064000
1 0.647000 0.517000 0.062000 0.054000
1 0.835000 0.509000 0.054000 0.106000
1 0.678000 0.111000 0.056000 0.078000
1 0.956000 0.814000 0.084000 0.120000
1 0.878000 0.313000 0.052000 0.070000
1 0.613000 0.734000 0.058000 0.064000
1 0.449000 0.513000 0.050000 0.086000
1 0.799000 0.820000 0.106000 0.144000
1 0.735000 0.417000 0.066000 0.050000
1 0.755000 0.158000 0.054000 0.084000
1 0.745000 0.537000 0.066000 0.070000
1 0.757000 0.593000 0.090000 0.038000
1 0.641000 0.322000 0.058000 0.052000
1 0.878000 0.644000 0.060000 0.064000
1 0.333000 0.556000 0.078000 0.076000
1 0.515000 0.670000 0.082000 0.056000
1 0.645000 0.585000 0.058000 0.050000
1 0.176000 0.962000 0.104000 0.040000
1 0.508000 0.501000 0.068000 0.066000
1 0.939000 0.474000 0.058000 0.056000
1 0.865000 0.142000 0.106000 0.096000
1 0.430000 0.805000 0.196000 0.110000
1 0.493000 0.384000 0.058000 0.088000
1 0.817000 0.384000 0.090000 0.072000
1 0.709000 0.303000 0.086000 0.102000
1 0.967000 0.520000 0.034000 0.072000
1 0.606000 0.159000 0.052000 0.062000
1 0.768000 0.468000 0.068000 0.032000