1 0.383000 0.743000 0.058000 0.066000
1 0.548000 0.610000 0.040000 0.056000
1 0.893000 0.360000 0.126000 0.080000
1 0.947000 0.234000 0.090000 0.064000
1 0.405000 0.921000 0.046000 0.050000
1 0.378000 0.657000 0.076000 0.066000
1 0.964000 0.070000 0.064000 0.072000
1 0.857000 0.117000 0.086000 0.082000
1 0.446000 0.821000 0.064000 0.050000
1 0.624000 0.214000 0.080000 0.080000
1 0.038000 0.650000 0.060000 0.064000
1 0.872000 0.610000 0.072000 0.056000
1 0.685000 0.443000 0.090000 0.082000
1 0.758000 0.152000 0.092000 0.080000
1 0.032000 0.562000 0.064000 0.064000
1 0.517000 0.337000 0.102000 0.074000
1 0.653000 0.323000 0.098000 0.086000
1 0.418000 0.401000 0.088000 0.078000
1 0.676000 0.634000 0.068000 0.060000
1 0.487000 0.644000 0.070000 0.064000
1 0.340000 0.443000 0.076000 0.078000
1 0.397000 0.846000 0.042000 0.064000
1 0.793000 0.029000 0.114000 0.058000
1 0.951000 0.590000 0.070000 0.056000
1 0.769000 0.639000 0.070000 0.058000
1 0.303000 0.018000 0.122000 0.036000
1 0.660000 0.095000 0.064000 0.054000
1 0.128000 0.042000 0.100000 0.072000