2 0.081000 0.972000 0.054000 0.052000
1 0.131000 0.220000 0.082000 0.068000
1 0.067000 0.136000 0.062000 0.068000
1 0.109000 0.791000 0.038000 0.030000
1 0.959000 0.883000 0.042000 0.054000
1 0.537000 0.116000 0.098000 0.076000
1 0.796000 0.737000 0.064000 0.074000
1 0.607000 0.016000 0.074000 0.032000
1 0.034000 0.929000 0.064000 0.082000
1 0.039000 0.268000 0.054000 0.056000
1 0.544000 0.246000 0.088000 0.076000
1 0.622000 0.072000 0.084000 0.060000
1 0.126000 0.126000 0.068000 0.092000
1 0.707000 0.038000 0.082000 0.060000
2 0.204000 0.954000 0.052000 0.052000
1 0.312000 0.509000 0.064000 0.054000
1 0.624000 0.359000 0.072000 0.062000
1 0.500000 0.032000 0.096000 0.064000
1 0.077000 0.634000 0.154000 0.236000
1 0.583000 0.164000 0.074000 0.072000
1 0.273000 0.746000 0.082000 0.076000
1 0.430000 0.890000 0.060000 0.052000
1 0.408000 0.165000 0.060000 0.054000
1 0.361000 0.076000 0.062000 0.084000
1 0.192000 0.019000 0.056000 0.038000
1 0.372000 0.663000 0.088000 0.050000
1 0.043000 0.378000 0.070000 0.064000
1 0.120000 0.760000 0.040000 0.032000
1 0.976000 0.665000 0.044000 0.070000
1 0.712000 0.574000 0.128000 0.120000
1 0.774000 0.231000 0.080000 0.082000
1 0.496000 0.444000 0.096000 0.072000
1 0.249000 0.372000 0.074000 0.036000
1 0.319000 0.025000 0.082000 0.042000
1 0.764000 0.984000 0.072000 0.028000
1 0.301000 0.089000 0.094000 0.090000
1 0.478000 0.776000 0.072000 0.068000
1 0.019000 0.050000 0.038000 0.064000
1 0.712000 0.124000 0.124000 0.088000
1 0.160000 0.308000 0.044000 0.052000
1 0.116000 0.376000 0.040000 0.072000
1 0.498000 0.850000 0.056000 0.044000
1 0.743000 0.900000 0.082000 0.056000