1 0.606500 0.384500 0.043000 0.059000
1 0.556500 0.321000 0.053000 0.044000
2 0.440000 0.052000 0.048000 0.034000
1 0.099500 0.371000 0.047000 0.044000
1 0.675500 0.285500 0.053000 0.069000
1 0.700000 0.662000 0.048000 0.050000
1 0.847500 0.665500 0.057000 0.041000
1 0.638500 0.036000 0.043000 0.052000
1 0.316000 0.810500 0.066000 0.047000
1 0.555000 0.239000 0.082000 0.084000
1 0.485000 0.619000 0.050000 0.056000
1 0.450000 0.435500 0.054000 0.069000
1 0.532500 0.977000 0.071000 0.044000
1 0.063000 0.115500 0.076000 0.055000
1 0.205500 0.427500 0.067000 0.069000
1 0.588000 0.087000 0.044000 0.042000
1 0.711500 0.964500 0.059000 0.059000
1 0.582000 0.182500 0.038000 0.045000
1 0.172500 0.370000 0.059000 0.062000
1 0.680500 0.440500 0.057000 0.055000
1 0.918500 0.528000 0.049000 0.052000
1 0.519000 0.380500 0.054000 0.061000
1 0.149000 0.152500 0.062000 0.063000
1 0.442000 0.017000 0.056000 0.034000
1 0.625000 0.531500 0.048000 0.049000
1 0.175000 0.961500 0.064000 0.057000
1 0.218500 0.914500 0.049000 0.047000
1 0.727000 0.534000 0.046000 0.048000
1 0.798000 0.556000 0.056000 0.040000
1 0.275500 0.483000 0.059000 0.052000
1 0.818000 0.288000 0.046000 0.044000
1 0.824500 0.755000 0.059000 0.064000
1 0.712500 0.764000 0.041000 0.048000
1 0.487000 0.753000 0.060000 0.068000
1 0.208500 0.659000 0.059000 0.054000