1 0.909500 0.378500 0.047000 0.039000
1 0.744500 0.412000 0.041000 0.046000
1 0.690000 0.456500 0.032000 0.033000
1 0.770000 0.623500 0.038000 0.033000
1 0.843000 0.670500 0.046000 0.047000
1 0.793000 0.458500 0.040000 0.045000
1 0.740500 0.557500 0.055000 0.067000
1 0.297500 0.455000 0.069000 0.050000
1 0.764000 0.648500 0.048000 0.033000
1 0.582000 0.289000 0.038000 0.032000
1 0.918500 0.225000 0.035000 0.062000
1 0.801000 0.286000 0.032000 0.038000
1 0.765000 0.345500 0.040000 0.057000
1 0.661500 0.466500 0.035000 0.047000
1 0.590000 0.519000 0.042000 0.032000
1 0.681500 0.202000 0.035000 0.032000
1 0.921000 0.289000 0.040000 0.040000
1 0.529000 0.495500 0.042000 0.045000