1 0.564500 0.923500 0.075000 0.087000
1 0.419500 0.264000 0.067000 0.042000
1 0.971500 0.964500 0.055000 0.069000
1 0.479500 0.230000 0.031000 0.046000
1 0.301500 0.115500 0.053000 0.041000
1 0.943000 0.845000 0.046000 0.038000
1 0.769000 0.978500 0.056000 0.041000
1 0.036000 0.580500 0.046000 0.045000
1 0.261000 0.611500 0.050000 0.041000
1 0.759500 0.490500 0.063000 0.059000
1 0.191500 0.584000 0.045000 0.034000
1 0.941000 0.264500 0.056000 0.067000
1 0.761500 0.934000 0.041000 0.034000
1 0.018000 0.396500 0.036000 0.045000
1 0.742000 0.702500 0.052000 0.057000
1 0.071000 0.240000 0.058000 0.046000
1 0.914000 0.937500 0.068000 0.071000
1 0.733500 0.226000 0.041000 0.028000
1 0.263500 0.273500 0.053000 0.045000
1 0.594500 0.258000 0.065000 0.076000
1 0.883500 0.838000 0.049000 0.064000
1 0.540500 0.594000 0.049000 0.042000
1 0.835000 0.887500 0.070000 0.071000