1 0.978000 0.606000 0.042000 0.064000
1 0.417500 0.957500 0.061000 0.055000
1 0.386000 0.359500 0.028000 0.047000
1 0.804000 0.111000 0.072000 0.054000
1 0.670000 0.214500 0.084000 0.061000
1 0.432500 0.013500 0.063000 0.027000
1 0.340000 0.879500 0.072000 0.067000
1 0.946500 0.775000 0.065000 0.054000
1 0.258500 0.234000 0.049000 0.050000
1 0.293000 0.821500 0.052000 0.061000
1 0.721000 0.787000 0.090000 0.082000
1 0.147500 0.140500 0.041000 0.071000
1 0.150500 0.591000 0.123000 0.088000
1 0.586000 0.718000 0.058000 0.050000
1 0.516000 0.600500 0.056000 0.051000
1 0.096000 0.977500 0.060000 0.041000
1 0.186500 0.736000 0.061000 0.054000