2 0.619000 0.758000 0.058000 0.060000
1 0.627000 0.635000 0.066000 0.046000
1 0.933000 0.251000 0.066000 0.054000
1 0.630000 0.108000 0.072000 0.064000
1 0.958000 0.178000 0.072000 0.072000
1 0.538000 0.926000 0.092000 0.072000
1 0.431000 0.050000 0.070000 0.068000
1 0.538000 0.082000 0.084000 0.112000
1 0.602000 0.314000 0.120000 0.080000
1 0.977000 0.467000 0.042000 0.050000
1 0.759000 0.435000 0.086000 0.062000
1 0.840000 0.228000 0.076000 0.080000
1 0.762000 0.872000 0.048000 0.056000
1 0.772000 0.282000 0.076000 0.068000
1 0.805000 0.737000 0.058000 0.058000
1 0.889000 0.954000 0.138000 0.072000
1 0.682000 0.443000 0.080000 0.062000