1 0.702500 0.274500 0.059000 0.039000
1 0.765000 0.759500 0.058000 0.047000
1 0.365000 0.094500 0.056000 0.051000
1 0.904000 0.293500 0.058000 0.035000
1 0.902500 0.376000 0.051000 0.038000
1 0.972500 0.028000 0.053000 0.046000
1 0.567000 0.621000 0.046000 0.056000
1 0.567500 0.558000 0.039000 0.054000
1 0.722000 0.563000 0.062000 0.044000
1 0.583500 0.474500 0.047000 0.053000
1 0.319000 0.897000 0.062000 0.062000
1 0.843500 0.031500 0.051000 0.049000
1 0.248000 0.203000 0.048000 0.052000
1 0.603500 0.518500 0.049000 0.043000
1 0.939500 0.803500 0.051000 0.051000
1 0.470000 0.775500 0.060000 0.051000
1 0.199500 0.638500 0.069000 0.063000