1 0.737000 0.792000 0.214000 0.084000
1 0.671000 0.901000 0.054000 0.046000
1 0.063000 0.634000 0.094000 0.072000
1 0.851000 0.374000 0.162000 0.108000
1 0.844000 0.226000 0.088000 0.092000
1 0.096000 0.280000 0.112000 0.084000
1 0.558000 0.452000 0.084000 0.136000
1 0.663000 0.945000 0.058000 0.050000
1 0.296000 0.290000 0.080000 0.052000
1 0.191000 0.466000 0.074000 0.068000
1 0.887000 0.968000 0.086000 0.060000
1 0.183000 0.406000 0.082000 0.040000
1 0.459000 0.148000 0.066000 0.052000
1 0.739000 0.946000 0.062000 0.072000
1 0.538000 0.924000 0.060000 0.048000
1 0.128000 0.719000 0.072000 0.074000
1 0.200000 0.069000 0.060000 0.046000
1 0.291000 0.400000 0.062000 0.060000
1 0.925000 0.800000 0.146000 0.096000
1 0.872000 0.544000 0.204000 0.144000
1 0.229000 0.155000 0.062000 0.058000
1 0.139000 0.960000 0.058000 0.072000
1 0.977000 0.357000 0.042000 0.098000
1 0.191000 0.768000 0.074000 0.068000
1 0.192000 0.659000 0.076000 0.074000
1 0.863000 0.129000 0.074000 0.058000
1 0.515000 0.569000 0.086000 0.150000
1 0.585000 0.088000 0.054000 0.068000
1 0.441000 0.845000 0.106000 0.066000
1 0.489000 0.976000 0.082000 0.044000
1 0.304000 0.494000 0.076000 0.064000