1 0.122000 0.238500 0.046000 0.049000
1 0.813500 0.527000 0.077000 0.070000
1 0.653000 0.793500 0.106000 0.101000
1 0.866000 0.979500 0.054000 0.039000
1 0.581000 0.622500 0.090000 0.063000
1 0.686500 0.224000 0.045000 0.040000
1 0.795000 0.941500 0.058000 0.067000
1 0.157500 0.842000 0.063000 0.054000
1 0.710000 0.044000 0.048000 0.058000
1 0.332000 0.351500 0.068000 0.045000
1 0.116000 0.674500 0.046000 0.055000
1 0.701000 0.294000 0.054000 0.032000
1 0.856500 0.253500 0.119000 0.065000
1 0.083500 0.722500 0.065000 0.071000
1 0.594500 0.098000 0.081000 0.064000
1 0.166500 0.065000 0.057000 0.036000
1 0.248500 0.411500 0.063000 0.049000
1 0.578000 0.980500 0.078000 0.037000
1 0.812000 0.152500 0.054000 0.063000
1 0.058500 0.052000 0.049000 0.044000
1 0.029500 0.402500 0.059000 0.043000
1 0.474000 0.108000 0.052000 0.058000
1 0.679500 0.410500 0.093000 0.103000
1 0.199000 0.368000 0.050000 0.046000
1 0.563000 0.040000 0.040000 0.054000
1 0.284000 0.357000 0.040000 0.060000
1 0.786500 0.374500 0.037000 0.055000
1 0.593500 0.248500 0.059000 0.055000
1 0.131500 0.403500 0.053000 0.063000
1 0.783500 0.019500 0.041000 0.039000
1 0.298500 0.271000 0.071000 0.040000
1 0.948500 0.386000 0.051000 0.040000
1 0.470000 0.048000 0.050000 0.046000