1 0.612000 0.745000 0.060000 0.066000
1 0.262000 0.297000 0.152000 0.090000
1 0.679000 0.630000 0.146000 0.092000
1 0.065000 0.483000 0.130000 0.138000
1 0.657000 0.836000 0.122000 0.072000
1 0.250000 0.755000 0.040000 0.066000
1 0.496000 0.209000 0.108000 0.106000
1 0.287000 0.683000 0.094000 0.074000
1 0.098000 0.706000 0.064000 0.088000
1 0.681000 0.451000 0.090000 0.158000
1 0.346000 0.851000 0.104000 0.046000
1 0.899000 0.561000 0.190000 0.090000
1 0.825000 0.427000 0.106000 0.182000
1 0.965000 0.922000 0.058000 0.088000
1 0.355000 0.627000 0.106000 0.074000
1 0.885000 0.202000 0.222000 0.248000
1 0.759000 0.037000 0.166000 0.062000
1 0.218000 0.905000 0.048000 0.094000
1 0.766000 0.779000 0.076000 0.066000
1 0.956000 0.398000 0.072000 0.188000
1 0.045000 0.940000 0.078000 0.064000
1 0.510000 0.576000 0.084000 0.060000
1 0.232000 0.434000 0.180000 0.092000