1 0.471000 0.532000 0.094000 0.076000
1 0.425000 0.943000 0.102000 0.110000
1 0.915000 0.572000 0.074000 0.064000
2 0.224000 0.757000 0.056000 0.050000
1 0.100000 0.146000 0.096000 0.100000
1 0.093000 0.300000 0.066000 0.064000
1 0.288000 0.475000 0.056000 0.046000
1 0.520000 0.333000 0.064000 0.058000
2 0.235000 0.669000 0.050000 0.046000
2 0.142000 0.509000 0.048000 0.062000
1 0.299000 0.545000 0.054000 0.050000
1 0.387000 0.601000 0.054000 0.054000
1 0.242000 0.898000 0.072000 0.052000
1 0.041000 0.215000 0.058000 0.054000
1 0.016000 0.459000 0.032000 0.070000
1 0.282000 0.188000 0.076000 0.080000
1 0.762000 0.425000 0.092000 0.082000
1 0.867000 0.652000 0.058000 0.068000
1 0.524000 0.847000 0.060000 0.062000
1 0.229000 0.379000 0.102000 0.094000
1 0.026000 0.637000 0.052000 0.062000
1 0.538000 0.601000 0.072000 0.066000
2 0.387000 0.408000 0.062000 0.060000
1 0.320000 0.709000 0.068000 0.066000
1 0.969000 0.047000 0.058000 0.074000
1 0.949000 0.821000 0.094000 0.126000
1 0.486000 0.428000 0.048000 0.048000
1 0.799000 0.619000 0.070000 0.074000
1 0.634000 0.544000 0.076000 0.076000
1 0.620000 0.356000 0.064000 0.056000
1 0.489000 0.676000 0.066000 0.060000
1 0.594000 0.295000 0.076000 0.078000
1 0.133000 0.060000 0.074000 0.088000
1 0.837000 0.566000 0.066000 0.064000