1 0.287000 0.020000 0.046000 0.036000
1 0.230000 0.449000 0.072000 0.058000
1 0.092000 0.018000 0.044000 0.036000
2 0.206000 0.113000 0.056000 0.034000
2 0.246000 0.855000 0.076000 0.070000
1 0.234000 0.195000 0.060000 0.070000
1 0.016000 0.113000 0.032000 0.046000
2 0.202000 0.301000 0.064000 0.070000
1 0.157000 0.704000 0.074000 0.060000
1 0.193000 0.604000 0.058000 0.072000
1 0.060000 0.554000 0.072000 0.084000
1 0.031000 0.070000 0.038000 0.048000
1 0.053000 0.677000 0.094000 0.094000
1 0.123000 0.559000 0.054000 0.066000
2 0.172000 0.053000 0.028000 0.034000