1 0.271500 0.089500 0.067000 0.077000
1 0.893500 0.859000 0.055000 0.058000
1 0.044500 0.152000 0.089000 0.116000
1 0.231500 0.035500 0.099000 0.071000
1 0.296500 0.774500 0.091000 0.081000
1 0.975000 0.853000 0.048000 0.064000
1 0.140000 0.487000 0.068000 0.058000
1 0.928500 0.888500 0.055000 0.045000
1 0.120500 0.426000 0.083000 0.064000
1 0.076000 0.544000 0.068000 0.078000
1 0.451500 0.709000 0.075000 0.078000
1 0.256500 0.325000 0.101000 0.148000
1 0.851500 0.952500 0.055000 0.059000
1 0.373500 0.292500 0.049000 0.055000
1 0.215000 0.658000 0.072000 0.072000
1 0.290500 0.416500 0.081000 0.079000
1 0.049000 0.478000 0.070000 0.068000
1 0.818500 0.070500 0.041000 0.037000
1 0.152500 0.557500 0.117000 0.115000
1 0.033000 0.026500 0.066000 0.053000
1 0.793500 0.914000 0.091000 0.076000
1 0.246000 0.166000 0.102000 0.080000
1 0.150000 0.896000 0.104000 0.094000