1 0.434500 0.801000 0.111000 0.082000
1 0.301000 0.393500 0.066000 0.065000
1 0.566000 0.844000 0.084000 0.078000
1 0.086500 0.720500 0.035000 0.033000
1 0.026000 0.535500 0.052000 0.087000
1 0.010000 0.884000 0.020000 0.048000
1 0.175500 0.347500 0.037000 0.037000
1 0.026000 0.801000 0.048000 0.046000
1 0.110500 0.681500 0.035000 0.055000
1 0.709500 0.816500 0.067000 0.059000
1 0.128000 0.645500 0.036000 0.033000
1 0.522000 0.984000 0.026000 0.024000
1 0.087500 0.274500 0.041000 0.033000
1 0.010500 0.240500 0.021000 0.031000
1 0.055000 0.118000 0.052000 0.050000
1 0.522500 0.813000 0.045000 0.044000
1 0.635000 0.964500 0.068000 0.059000
1 0.156500 0.614500 0.065000 0.045000