1 0.177000 0.776000 0.050000 0.040000
1 0.633000 0.696000 0.048000 0.064000
1 0.065000 0.111000 0.054000 0.050000
1 0.142500 0.474500 0.063000 0.071000
1 0.793500 0.267500 0.055000 0.055000
1 0.537000 0.662000 0.058000 0.050000
1 0.435000 0.266000 0.060000 0.078000
1 0.043000 0.564000 0.044000 0.056000
1 0.142500 0.570000 0.063000 0.056000
1 0.300000 0.206000 0.054000 0.054000
1 0.882000 0.392500 0.054000 0.049000
1 0.069500 0.486500 0.065000 0.049000
1 0.969500 0.418000 0.059000 0.074000
1 0.412000 0.810000 0.076000 0.084000
1 0.351500 0.587000 0.045000 0.054000
1 0.088500 0.801500 0.047000 0.043000
1 0.853000 0.045500 0.106000 0.091000
1 0.412500 0.451500 0.055000 0.065000
1 0.573500 0.270000 0.059000 0.050000
1 0.139500 0.977500 0.045000 0.043000
1 0.233000 0.026000 0.058000 0.052000
1 0.547000 0.105000 0.072000 0.074000
1 0.141500 0.621000 0.069000 0.058000
1 0.474000 0.855000 0.062000 0.054000
1 0.954000 0.179000 0.054000 0.052000
1 0.428000 0.533500 0.048000 0.045000
1 0.926000 0.325000 0.050000 0.052000
1 0.825000 0.729000 0.076000 0.072000
1 0.870500 0.474500 0.055000 0.047000
1 0.337500 0.308500 0.057000 0.035000
1 0.445500 0.690000 0.049000 0.052000
1 0.907000 0.752500 0.050000 0.045000
1 0.788000 0.856500 0.078000 0.063000
1 0.760500 0.309000 0.063000 0.050000
1 0.381500 0.510000 0.037000 0.048000
1 0.453500 0.067500 0.055000 0.049000
1 0.300500 0.048500 0.057000 0.067000
1 0.491000 0.239000 0.054000 0.050000