1 0.572000 0.267500 0.046000 0.061000
1 0.312000 0.275000 0.074000 0.086000
1 0.796000 0.353500 0.044000 0.045000
1 0.225500 0.586500 0.015000 0.065000
1 0.504000 0.146000 0.050000 0.064000
1 0.953500 0.639500 0.073000 0.053000
1 0.281500 0.066000 0.075000 0.078000
1 0.112000 0.016500 0.048000 0.033000
1 0.442000 0.837500 0.030000 0.043000
1 0.092500 0.899000 0.071000 0.084000
1 0.672500 0.390500 0.041000 0.051000
1 0.383500 0.379500 0.067000 0.063000
1 0.908000 0.532500 0.056000 0.071000
1 0.568500 0.634000 0.093000 0.070000
1 0.516000 0.724500 0.022000 0.041000
1 0.920500 0.192500 0.059000 0.055000
1 0.181500 0.588500 0.051000 0.069000
1 0.465000 0.473500 0.050000 0.025000
1 0.286500 0.562500 0.053000 0.069000
1 0.660500 0.529000 0.037000 0.048000
1 0.227000 0.497000 0.030000 0.056000
2 0.304500 0.700000 0.029000 0.034000
1 0.981000 0.871000 0.036000 0.050000
1 0.717500 0.276500 0.059000 0.069000
1 0.381500 0.455500 0.041000 0.021000
1 0.332000 0.936000 0.052000 0.046000
1 0.806000 0.446500 0.046000 0.061000
1 0.406000 0.135500 0.106000 0.075000
1 0.496000 0.845000 0.054000 0.054000
1 0.137000 0.329500 0.026000 0.021000
1 0.809000 0.529000 0.036000 0.042000
1 0.530000 0.474000 0.048000 0.028000
1 0.441500 0.254000 0.043000 0.058000
1 0.232500 0.724500 0.069000 0.055000
1 0.890000 0.042000 0.060000 0.084000
1 0.392500 0.202000 0.083000 0.036000
1 0.928500 0.110500 0.079000 0.049000