1 0.755000 0.885500 0.040000 0.035000
1 0.884500 0.986000 0.053000 0.026000
1 0.718500 0.087500 0.041000 0.035000
1 0.698500 0.819000 0.037000 0.040000
1 0.675500 0.400000 0.073000 0.092000
1 0.818000 0.980500 0.048000 0.037000
2 0.566500 0.209000 0.041000 0.040000
1 0.506000 0.517000 0.058000 0.050000
1 0.428000 0.847500 0.050000 0.045000
1 0.466500 0.081500 0.063000 0.049000
1 0.366500 0.556000 0.055000 0.054000
1 0.024500 0.135000 0.045000 0.054000
1 0.240000 0.158000 0.048000 0.048000
1 0.064000 0.562000 0.058000 0.048000
1 0.619000 0.715000 0.048000 0.040000
1 0.505000 0.874500 0.056000 0.055000
1 0.338500 0.455000 0.063000 0.074000
1 0.314000 0.509500 0.042000 0.035000
1 0.381500 0.659500 0.043000 0.043000
1 0.153000 0.982000 0.076000 0.034000
1 0.385000 0.964000 0.050000 0.028000
1 0.062500 0.710500 0.057000 0.043000
1 0.429000 0.425000 0.060000 0.054000
1 0.860000 0.432500 0.056000 0.051000
1 0.876000 0.750500 0.056000 0.039000
1 0.306000 0.079500 0.064000 0.051000
1 0.973000 0.702500 0.052000 0.053000
1 0.396000 0.129000 0.050000 0.042000
1 0.071500 0.057000 0.049000 0.048000
1 0.362500 0.354000 0.053000 0.064000