1 0.501000 0.742000 0.058000 0.056000
1 0.387500 0.462500 0.033000 0.045000
1 0.281000 0.442000 0.036000 0.040000
1 0.581500 0.125500 0.073000 0.067000
1 0.531500 0.212000 0.067000 0.076000
1 0.602500 0.018000 0.073000 0.036000
1 0.099000 0.243000 0.062000 0.076000
1 0.055000 0.342500 0.052000 0.053000
1 0.345500 0.495000 0.043000 0.038000
1 0.838500 0.062000 0.041000 0.046000
1 0.478500 0.941000 0.063000 0.060000
1 0.080000 0.298000 0.048000 0.048000
1 0.810000 0.960500 0.046000 0.047000
1 0.747000 0.900000 0.076000 0.068000
1 0.282000 0.265500 0.066000 0.053000
1 0.666500 0.611000 0.067000 0.056000
1 0.670000 0.119500 0.070000 0.081000
1 0.264500 0.400500 0.041000 0.047000
1 0.137000 0.924500 0.076000 0.073000
1 0.850500 0.235500 0.091000 0.067000
1 0.393000 0.406000 0.042000 0.032000
1 0.348000 0.786000 0.062000 0.070000
1 0.448000 0.147000 0.082000 0.096000
1 0.854500 0.573500 0.065000 0.093000
1 0.267500 0.038000 0.079000 0.072000
1 0.591500 0.253000 0.069000 0.064000
1 0.460000 0.357500 0.050000 0.055000
1 0.938500 0.658000 0.055000 0.050000
1 0.484000 0.101500 0.074000 0.077000
1 0.266500 0.826500 0.139000 0.133000
1 0.566000 0.587000 0.064000 0.050000
1 0.296500 0.411500 0.041000 0.035000
1 0.136500 0.374500 0.063000 0.059000
1 0.227500 0.515500 0.057000 0.061000
1 0.490500 0.587000 0.067000 0.090000
0 0.897500 0.092000 0.047000 0.038000
1 0.904000 0.515500 0.058000 0.045000
1 0.115000 0.096000 0.044000 0.036000