1 0.024500 0.608000 0.049000 0.064000
1 0.280500 0.028000 0.059000 0.056000
1 0.529000 0.159500 0.074000 0.057000
1 0.858500 0.279000 0.091000 0.072000
1 0.626000 0.151500 0.060000 0.037000
1 0.539000 0.640000 0.084000 0.072000
1 0.425500 0.620500 0.071000 0.043000
1 0.417500 0.245000 0.047000 0.042000
1 0.200000 0.103000 0.056000 0.050000
1 0.364500 0.379000 0.063000 0.036000
1 0.885500 0.967500 0.077000 0.053000
1 0.829500 0.142000 0.059000 0.022000
1 0.358500 0.754500 0.115000 0.053000
1 0.303500 0.182500 0.073000 0.065000