1 0.556500 0.370500 0.047000 0.067000
2 0.966000 0.508000 0.034000 0.052000
1 0.183500 0.211000 0.057000 0.050000
1 0.357500 0.559000 0.057000 0.038000
1 0.491000 0.116000 0.042000 0.058000
1 0.574500 0.040000 0.043000 0.062000
1 0.527000 0.163000 0.038000 0.036000
1 0.661000 0.110500 0.030000 0.027000
1 0.177500 0.321500 0.055000 0.067000
1 0.884000 0.815500 0.032000 0.053000
1 0.590000 0.899500 0.060000 0.047000
1 0.345500 0.968500 0.067000 0.061000
1 0.057000 0.152500 0.062000 0.057000
1 0.391000 0.626500 0.062000 0.069000
1 0.849500 0.767500 0.047000 0.053000
1 0.086500 0.257500 0.099000 0.099000
1 0.279500 0.202000 0.055000 0.050000
1 0.131000 0.100500 0.074000 0.067000