1 0.929000 0.723000 0.050000 0.046000
1 0.728000 0.276000 0.108000 0.096000
1 0.964000 0.831000 0.044000 0.054000
1 0.704000 0.835000 0.052000 0.098000
1 0.937000 0.667000 0.046000 0.058000
1 0.368000 0.927000 0.092000 0.046000
1 0.668000 0.506000 0.080000 0.096000
1 0.747000 0.844000 0.038000 0.096000
1 0.609000 0.314000 0.070000 0.060000
1 0.752000 0.670000 0.088000 0.108000
1 0.878000 0.348000 0.076000 0.076000
1 0.232000 0.067000 0.128000 0.130000
1 0.714000 0.944000 0.084000 0.072000
1 0.407000 0.049000 0.094000 0.094000
2 0.837000 0.496000 0.066000 0.044000
1 0.619000 0.557000 0.058000 0.074000
1 0.381000 0.877000 0.094000 0.042000
1 0.963000 0.967000 0.070000 0.062000
1 0.599000 0.845000 0.066000 0.078000
1 0.808000 0.856000 0.072000 0.048000
1 0.277000 0.879000 0.062000 0.078000
1 0.912000 0.487000 0.056000 0.074000