1 0.856500 0.903500 0.073000 0.081000
1 0.858500 0.231500 0.177000 0.173000
1 0.547500 0.064500 0.223000 0.125000
1 0.420500 0.677500 0.117000 0.081000
1 0.602000 0.504000 0.192000 0.212000
1 0.182000 0.331000 0.222000 0.214000
1 0.317500 0.535500 0.077000 0.065000
1 0.021000 0.985000 0.042000 0.028000
1 0.329500 0.215000 0.177000 0.152000
1 0.417000 0.582500 0.064000 0.085000
1 0.481500 0.510500 0.083000 0.077000
1 0.037000 0.449500 0.070000 0.093000
1 0.379000 0.554000 0.048000 0.050000
1 0.944500 0.740000 0.109000 0.120000
1 0.053500 0.153500 0.107000 0.143000
1 0.296500 0.792500 0.037000 0.051000
1 0.028000 0.950500 0.056000 0.061000
1 0.143500 0.062000 0.151000 0.124000
1 0.723500 0.947000 0.137000 0.104000
1 0.983500 0.947500 0.031000 0.059000
1 0.210500 0.915000 0.095000 0.072000
1 0.205500 0.652500 0.043000 0.043000
1 0.472500 0.344000 0.187000 0.202000
1 0.064000 0.632000 0.128000 0.150000
1 0.209500 0.592500 0.035000 0.053000