1 0.688500 0.279500 0.049000 0.051000
1 0.651000 0.595500 0.060000 0.071000
1 0.136500 0.360000 0.045000 0.052000
1 0.702000 0.931500 0.062000 0.047000
1 0.532500 0.915500 0.041000 0.027000
1 0.369000 0.500000 0.108000 0.074000
1 0.750500 0.481500 0.047000 0.037000
1 0.614500 0.087000 0.051000 0.040000
1 0.883000 0.219000 0.052000 0.068000
1 0.700500 0.541500 0.035000 0.047000
1 0.102000 0.110500 0.042000 0.051000
1 0.750500 0.583000 0.057000 0.064000
1 0.981500 0.583000 0.035000 0.064000
1 0.021500 0.017500 0.043000 0.035000
1 0.801000 0.295000 0.060000 0.052000
1 0.131500 0.526500 0.057000 0.049000
1 0.697000 0.981000 0.060000 0.036000
1 0.707500 0.454000 0.035000 0.052000
1 0.839500 0.572000 0.069000 0.044000
1 0.609000 0.183500 0.048000 0.041000
1 0.532000 0.039500 0.054000 0.039000
1 0.818500 0.463500 0.047000 0.039000
1 0.270000 0.613500 0.036000 0.049000
1 0.894000 0.894500 0.038000 0.047000
1 0.043500 0.630500 0.087000 0.067000
1 0.606000 0.040500 0.046000 0.037000
1 0.015500 0.826000 0.031000 0.050000
1 0.053000 0.391500 0.058000 0.051000
1 0.222500 0.619000 0.051000 0.058000
1 0.981000 0.361500 0.036000 0.065000
1 0.690000 0.196000 0.044000 0.046000
1 0.205000 0.352500 0.050000 0.037000
1 0.839000 0.660500 0.042000 0.053000
1 0.705000 0.103500 0.050000 0.055000
1 0.545000 0.257000 0.052000 0.046000
1 0.137000 0.411500 0.050000 0.049000
1 0.038000 0.212500 0.044000 0.031000
1 0.542000 0.179000 0.070000 0.070000
1 0.610500 0.926000 0.055000 0.044000
1 0.212500 0.032500 0.065000 0.057000
1 0.216000 0.400500 0.050000 0.039000
1 0.773000 0.104500 0.044000 0.057000
1 0.048000 0.331000 0.070000 0.050000
1 0.883500 0.114000 0.041000 0.050000
1 0.835000 0.498500 0.086000 0.037000
1 0.877500 0.432500 0.041000 0.057000
1 0.548500 0.098000 0.045000 0.074000
1 0.962000 0.750000 0.060000 0.052000
1 0.353000 0.846000 0.060000 0.048000
1 0.763000 0.706500 0.048000 0.041000
1 0.960500 0.676500 0.043000 0.029000
1 0.209000 0.500500 0.046000 0.039000
1 0.923500 0.567000 0.029000 0.046000
1 0.789500 0.894000 0.049000 0.038000
1 0.425500 0.830500 0.047000 0.051000
1 0.692000 0.033500 0.056000 0.059000
1 0.878000 0.364500 0.084000 0.043000
1 0.224000 0.870000 0.062000 0.064000
1 0.699500 0.150000 0.033000 0.046000
1 0.760500 0.650500 0.047000 0.031000
1 0.595500 0.134000 0.029000 0.050000
1 0.943500 0.448000 0.021000 0.030000
1 0.441000 0.609500 0.056000 0.049000
1 0.564500 0.451500 0.053000 0.051000
1 0.982500 0.076000 0.033000 0.056000
1 0.224000 0.179000 0.042000 0.058000
1 0.125000 0.171000 0.066000 0.048000
2 0.095500 0.841000 0.041000 0.024000