1 0.170000 0.540500 0.062000 0.063000
1 0.760500 0.041000 0.057000 0.052000
1 0.286000 0.732000 0.078000 0.068000
1 0.539500 0.126500 0.051000 0.057000
1 0.485000 0.115500 0.054000 0.055000
1 0.912500 0.764000 0.051000 0.056000
1 0.382500 0.434000 0.067000 0.048000
1 0.042000 0.517500 0.042000 0.031000
1 0.607500 0.601000 0.051000 0.056000
1 0.745000 0.415000 0.102000 0.058000
1 0.031000 0.826000 0.062000 0.062000
1 0.359500 0.270000 0.043000 0.054000
1 0.514500 0.665500 0.079000 0.103000
1 0.318000 0.682500 0.050000 0.033000
1 0.880500 0.863500 0.081000 0.059000
1 0.631500 0.073000 0.051000 0.072000
1 0.454000 0.336000 0.064000 0.048000
1 0.546000 0.573500 0.074000 0.065000
1 0.665500 0.330000 0.079000 0.110000
1 0.410500 0.488000 0.047000 0.068000
1 0.637000 0.507500 0.064000 0.057000
1 0.607000 0.704500 0.052000 0.093000
1 0.477500 0.445500 0.049000 0.053000
1 0.978000 0.367000 0.042000 0.060000
1 0.143500 0.365500 0.071000 0.053000
1 0.925500 0.708500 0.055000 0.059000
1 0.290500 0.187500 0.053000 0.039000
1 0.928500 0.918000 0.043000 0.058000
1 0.617500 0.452500 0.039000 0.033000
1 0.569500 0.714000 0.049000 0.060000
1 0.748000 0.163500 0.036000 0.047000
1 0.967500 0.559500 0.057000 0.057000
1 0.972000 0.434500 0.054000 0.059000
1 0.481500 0.792000 0.079000 0.050000
1 0.020000 0.567000 0.040000 0.048000
1 0.982500 0.297500 0.033000 0.051000
1 0.967500 0.492000 0.057000 0.046000
1 0.904000 0.812500 0.054000 0.045000
1 0.101000 0.501000 0.042000 0.062000
1 0.698000 0.728500 0.084000 0.059000