1 0.400000 0.689000 0.064000 0.066000
1 0.308000 0.101000 0.076000 0.058000
1 0.786000 0.205000 0.064000 0.054000
1 0.466000 0.788000 0.036000 0.060000
1 0.631000 0.402000 0.066000 0.064000
1 0.310000 0.200000 0.108000 0.096000
1 0.729000 0.906000 0.050000 0.052000
1 0.947000 0.825000 0.074000 0.090000
1 0.461000 0.482000 0.066000 0.024000
1 0.677000 0.053000 0.078000 0.070000
1 0.683000 0.126000 0.058000 0.056000
1 0.592000 0.789000 0.052000 0.058000
1 0.707000 0.822000 0.082000 0.068000
1 0.825000 0.031000 0.066000 0.062000
1 0.529000 0.787000 0.082000 0.070000
1 0.477000 0.886000 0.070000 0.060000
1 0.131000 0.062000 0.070000 0.056000
1 0.896000 0.759000 0.108000 0.098000
1 0.537000 0.945000 0.082000 0.038000
1 0.887000 0.861000 0.058000 0.074000
1 0.041000 0.472000 0.062000 0.056000
1 0.464000 0.536000 0.096000 0.060000
1 0.625000 0.942000 0.054000 0.060000
1 0.604000 0.700000 0.080000 0.068000
1 0.663000 0.972000 0.054000 0.044000
1 0.733000 0.177000 0.082000 0.070000
1 0.676000 0.785000 0.068000 0.062000
1 0.182000 0.203000 0.060000 0.042000
1 0.624000 0.353000 0.060000 0.046000
1 0.806000 0.913000 0.072000 0.070000
1 0.870000 0.072000 0.072000 0.072000
1 0.963000 0.915000 0.070000 0.074000
1 0.544000 0.985000 0.076000 0.026000
1 0.809000 0.803000 0.090000 0.082000
1 0.768000 0.615000 0.092000 0.090000