1 0.935000 0.723500 0.046000 0.037000
2 0.766000 0.710500 0.050000 0.043000
1 0.407000 0.298500 0.046000 0.039000
1 0.045000 0.285000 0.056000 0.046000
1 0.802000 0.419000 0.046000 0.048000
2 0.514500 0.305000 0.045000 0.038000
2 0.293500 0.466500 0.041000 0.029000
2 0.148500 0.051500 0.051000 0.021000
1 0.616500 0.393000 0.047000 0.048000
2 0.604500 0.281500 0.043000 0.047000
1 0.280500 0.283500 0.051000 0.033000
2 0.528000 0.493500 0.040000 0.035000
1 0.913000 0.011500 0.048000 0.023000
2 0.754000 0.025500 0.042000 0.031000
2 0.698500 0.428000 0.023000 0.022000
2 0.216000 0.986500 0.034000 0.025000
1 0.428000 0.505000 0.056000 0.048000
1 0.635000 0.603500 0.050000 0.043000