1 0.257000 0.908000 0.058000 0.056000
1 0.435000 0.716000 0.038000 0.116000
1 0.609000 0.582000 0.050000 0.068000
1 0.443000 0.562000 0.086000 0.060000
1 0.490000 0.744000 0.064000 0.076000
1 0.943000 0.939000 0.050000 0.050000
1 0.956000 0.748000 0.052000 0.080000
1 0.131000 0.895000 0.062000 0.058000
1 0.779000 0.748000 0.070000 0.088000
1 0.317000 0.892000 0.042000 0.056000
1 0.565000 0.199000 0.090000 0.138000
1 0.440000 0.294000 0.140000 0.104000
1 0.352000 0.708000 0.092000 0.116000
1 0.595000 0.972000 0.070000 0.052000
1 0.061000 0.141000 0.118000 0.078000
1 0.593000 0.060000 0.082000 0.120000
1 0.858000 0.765000 0.064000 0.086000
1 0.817000 0.905000 0.058000 0.066000
1 0.506000 0.608000 0.044000 0.112000
1 0.878000 0.693000 0.056000 0.066000
1 0.338000 0.829000 0.068000 0.058000
1 0.684000 0.909000 0.076000 0.074000
1 0.901000 0.628000 0.062000 0.072000
1 0.576000 0.643000 0.072000 0.054000
1 0.144000 0.978000 0.048000 0.040000
1 0.678000 0.594000 0.060000 0.084000
1 0.731000 0.842000 0.062000 0.052000
1 0.741000 0.576000 0.050000 0.044000
1 0.188000 0.080000 0.116000 0.092000
1 0.090000 0.035000 0.064000 0.070000