1 0.158500 0.742500 0.077000 0.071000
1 0.336000 0.442000 0.084000 0.082000
1 0.662500 0.836500 0.069000 0.035000
1 0.596500 0.623000 0.047000 0.052000
1 0.278000 0.333500 0.058000 0.067000
1 0.497000 0.839500 0.048000 0.041000
1 0.408500 0.535000 0.051000 0.048000
1 0.299000 0.212000 0.048000 0.052000
1 0.323000 0.308500 0.056000 0.065000
1 0.909500 0.576000 0.075000 0.060000
1 0.226500 0.511500 0.075000 0.047000
1 0.665000 0.524000 0.038000 0.048000
1 0.057500 0.833000 0.061000 0.062000
1 0.677000 0.646500 0.040000 0.065000
1 0.560500 0.091000 0.179000 0.182000
1 0.255000 0.412000 0.054000 0.048000
1 0.518000 0.693000 0.058000 0.058000
1 0.356000 0.616500 0.040000 0.035000
1 0.608000 0.765500 0.042000 0.069000
1 0.593000 0.426000 0.046000 0.066000
1 0.108000 0.070500 0.076000 0.071000
1 0.490500 0.777500 0.035000 0.063000
1 0.189000 0.431000 0.078000 0.060000
1 0.423000 0.697500 0.050000 0.067000
1 0.101000 0.644500 0.116000 0.095000
1 0.834500 0.175000 0.127000 0.074000
1 0.527000 0.793000 0.046000 0.028000
1 0.390500 0.319500 0.059000 0.061000
1 0.059500 0.503000 0.077000 0.056000
1 0.267500 0.466000 0.059000 0.060000
1 0.960500 0.730000 0.077000 0.118000
1 0.216000 0.954500 0.102000 0.089000