1 0.286000 0.032000 0.084000 0.060000
1 0.481000 0.268000 0.090000 0.088000
1 0.181000 0.602000 0.066000 0.060000
1 0.967000 0.390000 0.058000 0.052000
1 0.862000 0.942000 0.088000 0.108000
1 0.662000 0.657000 0.096000 0.070000
1 0.022000 0.402000 0.044000 0.068000
1 0.356000 0.764000 0.056000 0.048000
1 0.945000 0.729000 0.074000 0.054000
1 0.148000 0.885000 0.092000 0.150000
1 0.969000 0.632000 0.050000 0.056000
1 0.716000 0.174000 0.056000 0.064000
1 0.565000 0.906000 0.066000 0.056000
1 0.393000 0.952000 0.098000 0.072000
1 0.081000 0.237000 0.098000 0.102000
1 0.251000 0.734000 0.070000 0.060000
1 0.240000 0.568000 0.076000 0.064000
1 0.955000 0.851000 0.086000 0.098000
1 0.312000 0.870000 0.100000 0.084000
1 0.577000 0.804000 0.078000 0.068000
1 0.395000 0.823000 0.058000 0.062000
1 0.263000 0.916000 0.062000 0.072000
1 0.301000 0.300000 0.122000 0.116000
1 0.287000 0.513000 0.078000 0.074000
1 0.157000 0.323000 0.078000 0.066000
1 0.597000 0.105000 0.078000 0.074000
1 0.169000 0.100000 0.070000 0.080000
1 0.482000 0.810000 0.060000 0.056000
1 0.831000 0.364000 0.090000 0.084000
1 0.508000 0.710000 0.096000 0.076000
1 0.286000 0.144000 0.096000 0.096000
1 0.491000 0.455000 0.066000 0.066000
1 0.476000 0.879000 0.060000 0.054000
1 0.957000 0.538000 0.050000 0.056000
1 0.844000 0.627000 0.064000 0.070000
1 0.691000 0.797000 0.050000 0.038000
1 0.661000 0.513000 0.086000 0.078000
1 0.898000 0.428000 0.060000 0.064000