1 0.749000 0.886000 0.086000 0.112000
1 0.386000 0.942000 0.072000 0.088000
1 0.517000 0.871000 0.106000 0.122000
1 0.955000 0.322000 0.086000 0.112000
1 0.224000 0.650000 0.140000 0.152000
1 0.376000 0.597000 0.152000 0.138000
1 0.583000 0.965000 0.098000 0.066000
1 0.489000 0.087000 0.254000 0.174000
1 0.172000 0.123000 0.080000 0.058000
1 0.867000 0.669000 0.262000 0.214000
1 0.913000 0.862000 0.126000 0.092000
1 0.341000 0.815000 0.126000 0.122000
1 0.135000 0.037000 0.094000 0.074000
1 0.680000 0.038000 0.168000 0.076000
1 0.471000 0.708000 0.138000 0.120000
1 0.152000 0.285000 0.268000 0.198000
1 0.083000 0.096000 0.102000 0.112000
1 0.333000 0.187000 0.130000 0.130000
1 0.220000 0.967000 0.076000 0.062000