1 0.709000 0.124500 0.078000 0.067000
1 0.251000 0.243500 0.044000 0.073000
1 0.114500 0.299000 0.077000 0.092000
1 0.884500 0.725500 0.067000 0.049000
1 0.610500 0.055000 0.069000 0.056000
1 0.271000 0.631000 0.054000 0.042000
1 0.542000 0.750000 0.064000 0.044000
1 0.567500 0.514000 0.047000 0.034000
1 0.180500 0.955500 0.035000 0.047000
1 0.946000 0.418500 0.056000 0.063000
1 0.523000 0.937000 0.064000 0.050000
1 0.398500 0.255500 0.059000 0.045000
1 0.566500 0.574500 0.079000 0.067000
1 0.145000 0.821000 0.038000 0.056000
2 0.284000 0.442000 0.040000 0.044000
1 0.629500 0.445000 0.069000 0.054000
1 0.415000 0.361500 0.042000 0.049000
1 0.971000 0.676500 0.038000 0.055000
1 0.140000 0.478500 0.054000 0.057000
2 0.081000 0.631500 0.060000 0.067000