1 0.337500 0.476000 0.043000 0.054000
1 0.439000 0.499500 0.078000 0.071000
1 0.623500 0.345000 0.021000 0.030000
1 0.414000 0.119000 0.020000 0.050000
1 0.304500 0.543000 0.047000 0.048000
1 0.407000 0.977000 0.040000 0.044000
1 0.816000 0.839500 0.064000 0.069000
1 0.438000 0.936500 0.052000 0.055000
1 0.516500 0.016000 0.041000 0.032000
1 0.513500 0.910500 0.045000 0.051000
1 0.881500 0.262000 0.041000 0.020000
1 0.278000 0.603500 0.082000 0.051000
1 0.540500 0.272500 0.039000 0.053000
1 0.718000 0.432000 0.058000 0.024000
1 0.463500 0.888500 0.051000 0.061000
1 0.716000 0.387500 0.028000 0.039000
1 0.617000 0.225000 0.052000 0.062000
1 0.593500 0.088500 0.059000 0.129000
1 0.565000 0.220500 0.046000 0.031000
1 0.541000 0.838500 0.054000 0.061000
1 0.229500 0.512000 0.069000 0.056000
1 0.344500 0.173500 0.029000 0.041000
1 0.665500 0.816000 0.045000 0.044000
1 0.839000 0.122500 0.074000 0.059000
1 0.358500 0.563000 0.053000 0.052000
1 0.336000 0.059500 0.034000 0.049000
1 0.115500 0.127500 0.045000 0.021000
1 0.479500 0.822000 0.067000 0.070000
1 0.475500 0.966000 0.043000 0.054000
1 0.113500 0.910000 0.077000 0.068000
1 0.583500 0.740000 0.047000 0.054000
1 0.683500 0.972500 0.065000 0.053000
1 0.116500 0.495500 0.043000 0.037000
1 0.453500 0.110500 0.047000 0.053000
2 0.620500 0.631500 0.039000 0.041000
1 0.629500 0.493000 0.039000 0.048000
2 0.611500 0.678500 0.045000 0.029000
1 0.542500 0.176500 0.045000 0.059000
1 0.522500 0.600000 0.037000 0.048000
1 0.621000 0.561500 0.058000 0.071000
1 0.543000 0.346000 0.044000 0.048000
1 0.861500 0.076500 0.043000 0.025000
1 0.932000 0.401500 0.060000 0.041000
2 0.410500 0.668500 0.047000 0.045000
1 0.719500 0.545500 0.035000 0.045000
1 0.531500 0.471000 0.061000 0.072000