1 0.694500 0.717500 0.143000 0.145000
1 0.881000 0.585500 0.144000 0.147000
1 0.481000 0.378000 0.066000 0.062000
1 0.347500 0.532500 0.059000 0.067000
1 0.513500 0.240500 0.101000 0.091000
1 0.265500 0.641000 0.089000 0.090000
1 0.225000 0.205000 0.072000 0.066000
1 0.336000 0.832000 0.096000 0.118000
1 0.305000 0.258000 0.088000 0.094000
1 0.630000 0.973000 0.074000 0.042000
1 0.805000 0.787500 0.104000 0.107000
1 0.882500 0.696000 0.091000 0.104000
1 0.565000 0.808000 0.070000 0.062000
1 0.051000 0.366500 0.084000 0.113000
1 0.369000 0.948500 0.118000 0.095000
1 0.638500 0.483000 0.071000 0.066000
1 0.784000 0.615000 0.086000 0.098000
1 0.151500 0.211500 0.061000 0.045000
1 0.467000 0.682500 0.098000 0.125000