1 0.811500 0.732500 0.061000 0.043000
1 0.734000 0.658500 0.040000 0.053000
2 0.537000 0.547500 0.032000 0.035000
1 0.800000 0.604000 0.050000 0.044000
1 0.322500 0.874000 0.065000 0.054000
1 0.758000 0.958000 0.042000 0.040000
1 0.733500 0.585000 0.037000 0.038000
1 0.022000 0.404000 0.042000 0.042000
1 0.892000 0.687000 0.064000 0.054000
2 0.896500 0.426000 0.039000 0.044000
2 0.397000 0.397000 0.032000 0.034000
2 0.400500 0.341000 0.033000 0.040000
1 0.137500 0.668000 0.045000 0.034000
2 0.804500 0.472000 0.033000 0.042000
1 0.642500 0.829500 0.047000 0.047000
1 0.638500 0.726000 0.059000 0.062000
1 0.068000 0.529500 0.032000 0.039000
1 0.082500 0.781000 0.053000 0.062000
1 0.279000 0.159500 0.060000 0.059000
1 0.511000 0.115000 0.038000 0.050000
1 0.455500 0.866500 0.075000 0.065000
1 0.077000 0.447500 0.052000 0.047000
1 0.220500 0.122500 0.059000 0.071000
1 0.409000 0.017500 0.056000 0.035000
1 0.769000 0.536000 0.056000 0.056000
1 0.598000 0.120500 0.054000 0.023000
2 0.878500 0.609000 0.041000 0.038000
1 0.437000 0.303000 0.060000 0.066000
1 0.590500 0.783500 0.051000 0.051000
1 0.971500 0.773000 0.055000 0.054000
1 0.563500 0.897500 0.047000 0.053000
1 0.097000 0.627000 0.062000 0.054000
2 0.532500 0.793500 0.039000 0.043000
1 0.086000 0.351000 0.054000 0.046000
1 0.697500 0.962500 0.055000 0.045000
1 0.683000 0.786000 0.048000 0.048000
1 0.162000 0.016000 0.066000 0.032000
1 0.651500 0.307000 0.039000 0.054000
2 0.948500 0.461500 0.035000 0.037000
1 0.938000 0.646000 0.074000 0.056000
1 0.749000 0.028000 0.060000 0.056000
1 0.427000 0.654000 0.038000 0.050000
1 0.413000 0.241500 0.052000 0.049000
1 0.517500 0.943500 0.083000 0.049000
1 0.067000 0.061000 0.056000 0.052000
1 0.878000 0.478500 0.046000 0.047000
1 0.311000 0.927000 0.054000 0.052000
1 0.569000 0.428000 0.044000 0.056000
1 0.504500 0.838000 0.061000 0.052000
1 0.342000 0.444000 0.050000 0.062000
1 0.472500 0.566000 0.047000 0.070000
1 0.904000 0.773000 0.050000 0.042000
2 0.951500 0.691000 0.037000 0.030000
2 0.488000 0.154500 0.032000 0.025000
1 0.509000 0.629000 0.044000 0.048000
2 0.616000 0.499000 0.030000 0.042000
1 0.527500 0.403500 0.043000 0.031000
1 0.595000 0.862500 0.046000 0.055000
1 0.030000 0.584500 0.048000 0.045000
1 0.276000 0.836000 0.054000 0.048000
1 0.436500 0.464500 0.043000 0.049000
1 0.426000 0.583000 0.042000 0.050000
1 0.166000 0.407000 0.052000 0.044000
1 0.402000 0.544500 0.040000 0.043000
1 0.551500 0.256000 0.053000 0.050000
2 0.952000 0.566000 0.056000 0.040000
1 0.637500 0.602000 0.025000 0.042000
1 0.332000 0.082000 0.052000 0.044000
1 0.828500 0.803000 0.063000 0.044000
1 0.032500 0.975000 0.039000 0.048000
1 0.278000 0.065500 0.042000 0.035000
1 0.248500 0.870000 0.059000 0.054000
1 0.474500 0.732500 0.059000 0.063000
1 0.515000 0.369500 0.054000 0.045000
1 0.372500 0.145500 0.059000 0.053000
2 0.501500 0.331000 0.041000 0.036000
1 0.150000 0.106000 0.050000 0.040000
2 0.944000 0.087500 0.044000 0.041000