1 0.341000 0.393000 0.058000 0.086000
1 0.123000 0.951000 0.066000 0.050000
1 0.677000 0.923000 0.050000 0.062000
1 0.113000 0.331000 0.058000 0.114000
1 0.790000 0.982000 0.112000 0.032000
1 0.610000 0.981000 0.100000 0.034000
1 0.409000 0.654000 0.066000 0.080000
1 0.345000 0.661000 0.050000 0.066000
1 0.028000 0.733000 0.056000 0.078000
1 0.748000 0.919000 0.096000 0.042000
1 0.555000 0.181000 0.078000 0.098000
1 0.339000 0.017000 0.066000 0.034000
1 0.697000 0.974000 0.050000 0.048000
1 0.752000 0.959000 0.092000 0.042000
1 0.599000 0.097000 0.074000 0.082000
1 0.381000 0.562000 0.066000 0.088000