1 0.639000 0.225000 0.044000 0.040000
1 0.591000 0.147000 0.034000 0.032000
1 0.268000 0.451000 0.066000 0.064000
1 0.752500 0.067000 0.045000 0.036000
1 0.740000 0.856000 0.032000 0.050000
1 0.820000 0.793000 0.050000 0.060000
1 0.224500 0.388000 0.031000 0.040000
1 0.798500 0.041000 0.069000 0.050000
1 0.219000 0.099500 0.056000 0.067000
1 0.331000 0.139500 0.044000 0.047000
1 0.238500 0.195500 0.069000 0.067000
1 0.466000 0.514500 0.072000 0.061000
1 0.698500 0.092500 0.067000 0.053000
1 0.890000 0.112000 0.058000 0.050000
1 0.080500 0.428500 0.077000 0.071000
1 0.386500 0.388500 0.087000 0.117000
1 0.471500 0.194000 0.045000 0.040000