1 0.036000 0.316000 0.068000 0.116000
1 0.460000 0.509000 0.048000 0.062000
1 0.787000 0.599000 0.066000 0.058000
1 0.482000 0.842000 0.080000 0.108000
1 0.866000 0.633000 0.084000 0.070000
1 0.193000 0.768000 0.062000 0.076000
1 0.357000 0.653000 0.094000 0.074000
1 0.802000 0.473000 0.092000 0.066000
1 0.604000 0.573000 0.068000 0.058000
1 0.512000 0.342000 0.068000 0.064000
1 0.534000 0.247000 0.104000 0.098000
1 0.624000 0.829000 0.060000 0.078000
1 0.778000 0.283000 0.084000 0.098000
1 0.953000 0.642000 0.082000 0.072000
1 0.253000 0.373000 0.082000 0.074000
1 0.903000 0.476000 0.094000 0.080000
1 0.598000 0.341000 0.084000 0.078000
1 0.248000 0.951000 0.092000 0.090000
1 0.287000 0.771000 0.070000 0.074000