1 0.414000 0.874000 0.048000 0.050000
1 0.263500 0.299000 0.059000 0.048000
1 0.499500 0.201000 0.053000 0.046000
1 0.879000 0.868500 0.198000 0.179000
1 0.067000 0.310500 0.060000 0.055000
1 0.207500 0.748000 0.239000 0.212000
1 0.131500 0.330000 0.069000 0.096000
1 0.905500 0.663000 0.177000 0.118000
1 0.083000 0.392000 0.072000 0.056000
1 0.033000 0.172000 0.056000 0.050000
1 0.117500 0.943000 0.087000 0.096000
1 0.328000 0.893500 0.076000 0.059000
1 0.522500 0.639000 0.343000 0.328000
1 0.257000 0.229500 0.084000 0.069000
1 0.875000 0.371000 0.068000 0.134000
1 0.928000 0.761000 0.142000 0.102000
1 0.315500 0.142000 0.059000 0.052000
1 0.641500 0.095000 0.099000 0.098000
1 0.229000 0.039500 0.070000 0.051000
1 0.461500 0.097000 0.067000 0.054000