1 0.982000 0.412000 0.032000 0.064000
1 0.869000 0.032000 0.098000 0.064000
1 0.965000 0.183000 0.066000 0.082000
1 0.652000 0.092000 0.076000 0.076000
1 0.973000 0.666000 0.050000 0.092000
1 0.546000 0.328000 0.088000 0.092000
1 0.793000 0.851000 0.074000 0.086000
1 0.978000 0.279000 0.040000 0.082000
1 0.893000 0.805000 0.070000 0.078000
1 0.822000 0.387000 0.060000 0.062000
1 0.513000 0.868000 0.054000 0.116000
1 0.530000 0.468000 0.068000 0.088000
1 0.422000 0.377000 0.060000 0.066000
1 0.776000 0.151000 0.096000 0.102000
1 0.747000 0.270000 0.070000 0.072000
1 0.664000 0.914000 0.092000 0.108000
1 0.405000 0.485000 0.090000 0.090000