1 0.544500 0.034000 0.155000 0.068000
2 0.691500 0.053000 0.131000 0.094000
2 0.746000 0.384000 0.124000 0.124000
1 0.284500 0.299000 0.175000 0.166000
2 0.188500 0.452500 0.155000 0.155000
1 0.122500 0.215000 0.231000 0.238000
2 0.779000 0.868500 0.124000 0.115000
1 0.878000 0.172000 0.172000 0.186000
2 0.665500 0.793000 0.115000 0.122000
2 0.920000 0.489000 0.156000 0.142000
2 0.344500 0.472000 0.159000 0.154000
2 0.862500 0.331500 0.129000 0.131000
1 0.508000 0.378000 0.200000 0.204000
1 0.590500 0.553500 0.201000 0.187000
2 0.111500 0.051500 0.129000 0.097000
1 0.845000 0.713500 0.200000 0.197000
1 0.150000 0.718500 0.230000 0.211000
2 0.704500 0.224000 0.153000 0.156000
1 0.909500 0.919000 0.179000 0.160000
2 0.701000 0.658000 0.116000 0.132000
2 0.349000 0.675000 0.168000 0.150000