1 0.723000 0.819500 0.068000 0.061000
1 0.069500 0.421000 0.041000 0.050000
1 0.483000 0.079500 0.042000 0.045000
1 0.011500 0.544500 0.023000 0.057000
1 0.426500 0.617000 0.059000 0.058000
1 0.213500 0.909500 0.067000 0.083000
1 0.397000 0.422500 0.036000 0.063000
1 0.458500 0.750500 0.097000 0.081000
1 0.704500 0.635000 0.061000 0.044000
1 0.373500 0.570000 0.039000 0.046000
1 0.934000 0.376000 0.076000 0.066000
1 0.278000 0.632500 0.048000 0.053000
1 0.711000 0.202000 0.092000 0.074000
1 0.305000 0.540500 0.038000 0.055000
1 0.421500 0.254500 0.055000 0.049000