1 0.105000 0.576500 0.048000 0.057000
1 0.878000 0.271500 0.054000 0.067000
1 0.975000 0.637500 0.048000 0.063000
1 0.987000 0.894500 0.024000 0.027000
1 0.789500 0.226000 0.051000 0.062000
1 0.610500 0.379000 0.071000 0.094000
1 0.521000 0.705000 0.054000 0.056000
1 0.945000 0.956500 0.050000 0.053000
1 0.143500 0.792000 0.071000 0.064000
1 0.135000 0.157000 0.064000 0.054000
1 0.266500 0.024500 0.067000 0.041000
1 0.120000 0.864000 0.074000 0.064000
1 0.463000 0.699000 0.060000 0.050000
1 0.452500 0.477000 0.095000 0.058000
1 0.588000 0.724000 0.050000 0.050000
1 0.107500 0.326500 0.077000 0.055000
1 0.813000 0.625500 0.058000 0.055000
1 0.148000 0.642000 0.042000 0.036000
1 0.208500 0.666000 0.059000 0.052000
1 0.312000 0.954000 0.072000 0.064000
1 0.950000 0.714500 0.084000 0.075000
1 0.752000 0.780500 0.050000 0.041000
1 0.497500 0.282000 0.093000 0.064000
1 0.963500 0.240000 0.059000 0.046000
1 0.142000 0.058500 0.062000 0.045000
1 0.564000 0.502000 0.078000 0.076000
1 0.091000 0.227500 0.064000 0.047000
1 0.974500 0.848500 0.049000 0.051000
1 0.758500 0.359500 0.043000 0.049000
1 0.530500 0.855500 0.061000 0.049000
1 0.686500 0.592500 0.063000 0.041000
1 0.696000 0.529500 0.082000 0.067000
1 0.066500 0.800000 0.077000 0.064000
1 0.777500 0.923000 0.063000 0.054000
1 0.876000 0.601500 0.042000 0.045000
1 0.883000 0.915500 0.062000 0.055000
1 0.092500 0.735500 0.069000 0.057000
1 0.853500 0.395000 0.067000 0.094000
1 0.188000 0.817500 0.074000 0.071000
1 0.980500 0.924000 0.037000 0.032000
1 0.067500 0.100000 0.087000 0.060000
1 0.573500 0.932500 0.061000 0.081000
1 0.362000 0.537000 0.062000 0.046000
1 0.684000 0.980500 0.056000 0.037000
1 0.179500 0.352000 0.047000 0.052000
1 0.432000 0.553500 0.070000 0.067000
1 0.462000 0.433000 0.092000 0.050000
1 0.725000 0.418000 0.056000 0.068000
1 0.544500 0.587500 0.053000 0.069000
1 0.824000 0.817000 0.072000 0.064000