1 0.249000 0.209000 0.018000 0.010000
1 0.110000 0.371000 0.020000 0.006000
1 0.225000 0.211000 0.018000 0.014000
1 0.111000 0.332000 0.018000 0.008000
1 0.073000 0.291000 0.018000 0.006000
1 0.086000 0.332000 0.016000 0.008000
1 0.082000 0.343000 0.020000 0.006000
1 0.068000 0.406000 0.020000 0.012000
1 0.074000 0.367000 0.016000 0.006000
1 0.084000 0.261000 0.020000 0.010000
1 0.108000 0.255000 0.020000 0.010000
1 0.071000 0.380000 0.014000 0.008000
1 0.223000 0.156000 0.014000 0.008000
1 0.092000 0.286000 0.016000 0.008000
1 0.110000 0.387000 0.016000 0.014000
1 0.226000 0.118000 0.016000 0.012000
1 0.075000 0.355000 0.018000 0.006000
1 0.112000 0.360000 0.016000 0.008000
1 0.083000 0.248000 0.018000 0.008000
1 0.250000 0.194000 0.020000 0.012000
1 0.223000 0.168000 0.014000 0.008000
1 0.085000 0.275000 0.022000 0.010000
1 0.223000 0.180000 0.014000 0.008000