1 0.298000 0.610000 0.080000 0.072000
1 0.581000 0.279000 0.078000 0.054000
1 0.812000 0.765000 0.048000 0.058000
1 0.176000 0.356000 0.076000 0.080000
1 0.343000 0.157000 0.070000 0.070000
1 0.497000 0.504000 0.058000 0.052000
1 0.772000 0.983000 0.056000 0.030000
1 0.540000 0.641000 0.048000 0.070000
1 0.531000 0.524000 0.046000 0.060000
1 0.580000 0.348000 0.060000 0.056000
1 0.696000 0.583000 0.080000 0.058000
1 0.499000 0.744000 0.066000 0.056000
1 0.589000 0.110000 0.062000 0.068000
1 0.176000 0.624000 0.068000 0.064000
1 0.303000 0.194000 0.066000 0.064000
1 0.214000 0.476000 0.084000 0.088000
1 0.713000 0.464000 0.086000 0.080000
1 0.080000 0.453000 0.072000 0.070000
1 0.570000 0.803000 0.072000 0.054000
1 0.956000 0.109000 0.084000 0.082000
1 0.915000 0.721000 0.042000 0.066000
1 0.902000 0.573000 0.044000 0.054000
1 0.408000 0.620000 0.092000 0.072000
1 0.733000 0.920000 0.062000 0.072000
1 0.950000 0.844000 0.052000 0.048000
2 0.096000 0.705000 0.060000 0.058000
1 0.407000 0.519000 0.090000 0.070000
1 0.858000 0.137000 0.076000 0.046000
1 0.587000 0.503000 0.038000 0.046000
1 0.601000 0.653000 0.066000 0.066000
1 0.899000 0.366000 0.074000 0.052000
1 0.504000 0.232000 0.080000 0.056000
1 0.772000 0.584000 0.056000 0.068000
1 0.290000 0.374000 0.096000 0.076000
1 0.909000 0.628000 0.054000 0.056000
1 0.770000 0.704000 0.068000 0.052000
1 0.230000 0.145000 0.092000 0.106000
1 0.213000 0.933000 0.074000 0.082000
1 0.470000 0.621000 0.044000 0.082000
1 0.642000 0.833000 0.064000 0.082000
1 0.539000 0.897000 0.054000 0.054000
1 0.033000 0.963000 0.066000 0.054000
2 0.146000 0.529000 0.052000 0.062000
1 0.498000 0.809000 0.040000 0.066000
1 0.518000 0.071000 0.056000 0.066000
1 0.430000 0.406000 0.072000 0.076000
1 0.061000 0.753000 0.054000 0.062000
1 0.971000 0.624000 0.054000 0.072000
1 0.905000 0.961000 0.054000 0.066000
1 0.726000 0.198000 0.076000 0.064000
1 0.480000 0.865000 0.048000 0.050000
1 0.748000 0.054000 0.060000 0.060000
1 0.430000 0.200000 0.052000 0.052000
1 0.592000 0.592000 0.056000 0.036000
1 0.944000 0.783000 0.100000 0.046000