1 0.146000 0.265000 0.060000 0.042000
1 0.113000 0.177000 0.030000 0.030000
1 0.555000 0.835000 0.042000 0.046000
1 0.381000 0.448000 0.050000 0.040000
1 0.151000 0.428000 0.042000 0.036000
1 0.327000 0.709000 0.046000 0.038000
1 0.441000 0.363000 0.062000 0.050000
1 0.687000 0.757000 0.050000 0.046000
1 0.238000 0.556000 0.052000 0.044000
1 0.104000 0.318000 0.036000 0.032000
1 0.592000 0.438000 0.060000 0.040000
1 0.251000 0.281000 0.050000 0.050000
1 0.397000 0.866000 0.038000 0.048000
1 0.201000 0.722000 0.034000 0.052000
1 0.293000 0.097000 0.042000 0.050000
1 0.491000 0.496000 0.054000 0.048000
1 0.242000 0.890000 0.048000 0.060000