0 0.982000 0.037500 0.034000 0.043000
0 0.956500 0.080500 0.041000 0.039000
1 0.521000 0.643500 0.066000 0.049000
1 0.896500 0.947000 0.051000 0.046000
0 0.196500 0.074500 0.045000 0.043000
1 0.637500 0.233500 0.045000 0.045000
1 0.443000 0.217000 0.046000 0.048000
0 0.183000 0.564000 0.070000 0.056000
1 0.309500 0.814500 0.055000 0.043000
1 0.065000 0.239000 0.054000 0.050000
1 0.691500 0.596000 0.051000 0.036000
1 0.645500 0.683000 0.047000 0.042000
1 0.473000 0.042500 0.036000 0.051000
1 0.728500 0.874000 0.061000 0.038000