1 0.377000 0.793000 0.070000 0.074000
1 0.226000 0.570000 0.088000 0.088000
1 0.123000 0.686000 0.082000 0.080000
1 0.815000 0.154000 0.066000 0.068000
1 0.981000 0.120000 0.034000 0.068000
1 0.602000 0.146000 0.072000 0.092000
2 0.381000 0.692000 0.074000 0.072000
1 0.821000 0.083000 0.054000 0.058000
1 0.365000 0.024000 0.058000 0.048000
2 0.818000 0.223000 0.056000 0.046000
1 0.934000 0.333000 0.068000 0.102000
1 0.903000 0.182000 0.058000 0.080000
1 0.817000 0.020000 0.062000 0.040000
1 0.315000 0.882000 0.070000 0.076000