1 0.970000 0.938000 0.056000 0.064000
1 0.239000 0.496000 0.086000 0.096000
1 0.052000 0.441000 0.052000 0.078000
1 0.531000 0.463000 0.094000 0.082000
1 0.965000 0.710000 0.054000 0.056000
1 0.343000 0.423000 0.098000 0.102000
1 0.027000 0.048000 0.054000 0.080000
1 0.876000 0.333000 0.120000 0.118000
1 0.304000 0.621000 0.076000 0.074000
1 0.295000 0.077000 0.098000 0.094000
1 0.270000 0.702000 0.076000 0.076000
1 0.416000 0.680000 0.080000 0.096000
1 0.179000 0.626000 0.074000 0.080000
1 0.919000 0.834000 0.110000 0.100000
1 0.485000 0.560000 0.074000 0.080000
1 0.415000 0.311000 0.114000 0.114000