1 0.384000 0.402000 0.104000 0.092000
1 0.193000 0.847000 0.114000 0.106000
1 0.333000 0.227000 0.126000 0.110000
1 0.649000 0.536000 0.090000 0.072000
1 0.615000 0.207000 0.122000 0.094000
1 0.298000 0.072000 0.092000 0.072000
1 0.921000 0.865000 0.106000 0.118000
1 0.095000 0.255000 0.102000 0.106000
1 0.821000 0.734000 0.098000 0.124000
1 0.113000 0.041000 0.058000 0.082000
1 0.834000 0.568000 0.088000 0.096000
1 0.423000 0.112000 0.078000 0.088000
1 0.557000 0.509000 0.074000 0.082000
1 0.889000 0.649000 0.086000 0.082000
1 0.870000 0.428000 0.056000 0.084000