1 0.098000 0.764000 0.064000 0.056000
1 0.277000 0.782000 0.074000 0.064000
1 0.264000 0.472000 0.160000 0.112000
1 0.534000 0.898000 0.068000 0.060000
1 0.726000 0.367000 0.076000 0.054000
1 0.701000 0.672000 0.166000 0.164000
1 0.430000 0.588000 0.108000 0.104000
1 0.408000 0.855000 0.084000 0.054000
1 0.140000 0.465000 0.060000 0.094000
1 0.968000 0.318000 0.060000 0.104000
1 0.863000 0.549000 0.118000 0.190000
1 0.112000 0.397000 0.064000 0.046000
1 0.572000 0.425000 0.068000 0.054000
1 0.667000 0.911000 0.094000 0.134000
1 0.286000 0.572000 0.156000 0.088000
1 0.430000 0.421000 0.148000 0.070000
1 0.758000 0.502000 0.100000 0.120000
1 0.178000 0.585000 0.092000 0.114000
1 0.883000 0.286000 0.078000 0.072000