1 0.468500 0.802000 0.073000 0.070000
1 0.934000 0.025500 0.080000 0.051000
1 0.854500 0.436500 0.053000 0.039000
1 0.692000 0.186500 0.040000 0.043000
1 0.978000 0.192500 0.042000 0.037000
1 0.870000 0.073500 0.048000 0.049000
1 0.038500 0.520000 0.045000 0.060000
1 0.864000 0.289000 0.044000 0.048000
1 0.557500 0.061500 0.055000 0.065000
2 0.420500 0.449000 0.031000 0.038000
1 0.748000 0.067000 0.054000 0.056000
1 0.787000 0.345000 0.048000 0.054000
1 0.902000 0.159500 0.056000 0.057000
1 0.753000 0.150000 0.050000 0.040000
1 0.149500 0.666500 0.077000 0.071000
2 0.622000 0.569000 0.044000 0.044000
1 0.249500 0.334000 0.061000 0.076000
1 0.080000 0.697000 0.078000 0.064000
1 0.710000 0.606500 0.040000 0.039000
1 0.627000 0.200500 0.058000 0.061000
1 0.817500 0.108500 0.061000 0.059000
1 0.351000 0.941500 0.062000 0.065000
1 0.660500 0.748000 0.061000 0.052000
1 0.880500 0.234500 0.039000 0.039000
2 0.789000 0.138500 0.046000 0.061000
1 0.393000 0.880000 0.070000 0.050000
1 0.672000 0.238000 0.070000 0.072000
1 0.867000 0.369500 0.054000 0.063000
1 0.666500 0.632000 0.049000 0.072000
1 0.939500 0.471000 0.077000 0.070000