1 0.070500 0.450500 0.041000 0.057000
1 0.717500 0.478500 0.051000 0.041000
1 0.559500 0.728500 0.063000 0.047000
1 0.771000 0.726000 0.092000 0.062000
1 0.532000 0.549000 0.056000 0.058000
1 0.609000 0.600500 0.034000 0.089000
1 0.330500 0.545000 0.055000 0.058000
1 0.144000 0.025500 0.114000 0.051000
1 0.067000 0.550000 0.058000 0.034000
1 0.265000 0.356500 0.044000 0.039000
1 0.152000 0.611000 0.030000 0.030000
1 0.639000 0.694000 0.052000 0.070000
1 0.800500 0.474500 0.061000 0.063000
1 0.795000 0.323000 0.040000 0.044000
1 0.956500 0.720000 0.073000 0.052000
1 0.064500 0.608000 0.053000 0.032000
1 0.938000 0.828000 0.070000 0.060000
1 0.894000 0.609500 0.056000 0.041000
1 0.834500 0.784500 0.075000 0.071000
1 0.361000 0.489500 0.048000 0.035000
1 0.149500 0.487500 0.063000 0.071000
1 0.876000 0.385500 0.086000 0.075000
1 0.932000 0.329500 0.056000 0.059000
1 0.427000 0.511000 0.054000 0.040000
1 0.434500 0.448000 0.061000 0.040000
1 0.488000 0.654500 0.082000 0.063000
1 0.774000 0.677000 0.056000 0.038000
1 0.055500 0.658000 0.047000 0.038000
1 0.119500 0.582000 0.047000 0.044000
1 0.958500 0.371000 0.059000 0.052000
1 0.315500 0.654000 0.081000 0.038000
1 0.111000 0.634500 0.052000 0.053000
1 0.395500 0.731000 0.075000 0.048000
1 0.652000 0.606000 0.052000 0.074000
1 0.932500 0.437000 0.059000 0.068000
1 0.645000 0.785500 0.074000 0.061000
1 0.893500 0.654000 0.061000 0.046000
1 0.152000 0.094000 0.068000 0.060000
1 0.863000 0.534500 0.066000 0.051000
1 0.461500 0.778500 0.059000 0.055000
1 0.076500 0.897500 0.047000 0.047000
1 0.971500 0.666500 0.055000 0.053000
1 0.304500 0.719500 0.077000 0.061000