1 0.712000 0.607000 0.064000 0.058000
1 0.725000 0.854000 0.042000 0.040000
1 0.765000 0.450000 0.050000 0.048000
1 0.874000 0.737000 0.044000 0.058000
1 0.828000 0.837000 0.056000 0.054000
1 0.792000 0.403000 0.044000 0.042000
1 0.975000 0.179000 0.046000 0.050000
1 0.990000 0.626000 0.016000 0.040000
1 0.627000 0.606000 0.038000 0.048000
1 0.760000 0.904000 0.052000 0.048000
1 0.952000 0.713000 0.040000 0.038000
0 0.783000 0.867000 0.042000 0.046000
1 0.868000 0.212000 0.048000 0.056000
1 0.981000 0.654000 0.034000 0.048000
1 0.923000 0.135000 0.062000 0.054000
2 0.679000 0.580000 0.038000 0.044000
1 0.918000 0.642000 0.052000 0.048000