2 0.755500 0.414000 0.029000 0.042000
2 0.373500 0.672000 0.039000 0.036000
1 0.710000 0.608500 0.062000 0.051000
2 0.194500 0.782500 0.041000 0.031000
2 0.836500 0.473000 0.045000 0.032000
1 0.052500 0.526000 0.059000 0.044000
1 0.833500 0.858500 0.051000 0.055000
1 0.312500 0.447000 0.051000 0.040000
2 0.546500 0.720000 0.043000 0.034000
2 0.563000 0.966000 0.062000 0.040000
1 0.753000 0.846500 0.066000 0.055000
1 0.690500 0.246000 0.053000 0.048000
1 0.949500 0.630500 0.051000 0.049000
1 0.439500 0.927500 0.071000 0.055000
1 0.356500 0.984500 0.057000 0.029000
2 0.188000 0.234500 0.040000 0.041000
1 0.091500 0.688500 0.053000 0.029000
2 0.075000 0.386000 0.044000 0.044000
1 0.295000 0.518500 0.058000 0.039000
2 0.379500 0.765000 0.047000 0.038000
1 0.653000 0.981500 0.054000 0.035000
1 0.504000 0.829000 0.056000 0.050000
1 0.784500 0.145000 0.049000 0.050000
1 0.199500 0.415000 0.055000 0.032000