1 0.944000 0.104500 0.060000 0.055000
1 0.514500 0.594000 0.069000 0.056000
1 0.873500 0.287000 0.041000 0.044000
1 0.501500 0.067000 0.073000 0.060000
1 0.052500 0.841500 0.053000 0.039000
1 0.376500 0.737000 0.063000 0.056000
1 0.401500 0.453500 0.047000 0.043000
1 0.692500 0.579500 0.077000 0.079000
1 0.114000 0.134000 0.050000 0.050000
1 0.145000 0.833500 0.066000 0.057000
1 0.675000 0.106000 0.046000 0.046000
1 0.689000 0.207000 0.040000 0.042000
1 0.434000 0.479000 0.044000 0.042000
1 0.175000 0.298000 0.068000 0.056000
1 0.613000 0.725500 0.056000 0.055000
1 0.741500 0.689000 0.075000 0.072000
1 0.024000 0.042500 0.044000 0.065000
1 0.860500 0.360500 0.045000 0.053000
1 0.546000 0.950000 0.040000 0.038000
1 0.456500 0.426500 0.047000 0.043000
1 0.390000 0.545500 0.050000 0.055000
1 0.431500 0.313500 0.063000 0.061000
1 0.648500 0.777000 0.053000 0.052000
1 0.519000 0.026500 0.038000 0.033000
1 0.785500 0.986000 0.041000 0.026000
1 0.670000 0.243500 0.044000 0.041000
1 0.543500 0.764500 0.049000 0.047000
1 0.970000 0.186500 0.058000 0.063000
1 0.409500 0.381000 0.051000 0.048000