1 0.231000 0.590000 0.062000 0.088000
1 0.768000 0.823000 0.108000 0.086000
2 0.943000 0.820000 0.058000 0.060000
1 0.284000 0.619000 0.072000 0.078000
1 0.907000 0.270000 0.078000 0.076000
1 0.415000 0.652000 0.070000 0.060000
1 0.583000 0.922000 0.058000 0.064000
1 0.712000 0.701000 0.092000 0.074000
1 0.824000 0.673000 0.072000 0.070000
1 0.373000 0.434000 0.054000 0.064000
1 0.161000 0.519000 0.094000 0.078000
1 0.978000 0.609000 0.040000 0.062000
1 0.233000 0.930000 0.094000 0.084000
1 0.124000 0.051000 0.068000 0.054000
1 0.214000 0.790000 0.056000 0.084000
1 0.861000 0.060000 0.098000 0.088000
1 0.300000 0.966000 0.096000 0.064000
1 0.875000 0.363000 0.110000 0.122000
1 0.477000 0.730000 0.086000 0.068000
2 0.876000 0.931000 0.080000 0.078000
1 0.575000 0.789000 0.046000 0.050000
1 0.321000 0.689000 0.062000 0.074000
2 0.245000 0.048000 0.054000 0.060000
1 0.625000 0.197000 0.110000 0.106000
1 0.110000 0.433000 0.088000 0.078000
1 0.036000 0.320000 0.068000 0.092000
2 0.970000 0.089000 0.056000 0.066000
1 0.531000 0.473000 0.078000 0.074000
2 0.969000 0.952000 0.058000 0.060000