1 0.496000 0.151000 0.108000 0.102000
1 0.345000 0.391000 0.118000 0.118000
1 0.920000 0.956000 0.072000 0.064000
1 0.745000 0.420000 0.130000 0.128000
1 0.143000 0.186000 0.086000 0.088000
1 0.548000 0.459000 0.128000 0.122000
1 0.457000 0.657000 0.146000 0.106000
1 0.808000 0.037000 0.092000 0.074000
1 0.892000 0.481000 0.060000 0.086000
2 0.903000 0.750000 0.066000 0.068000
1 0.171000 0.361000 0.134000 0.138000
1 0.657000 0.662000 0.146000 0.168000
1 0.623000 0.032000 0.102000 0.064000
1 0.863000 0.249000 0.094000 0.090000
1 0.267000 0.062000 0.090000 0.084000
1 0.953000 0.328000 0.090000 0.080000
1 0.326000 0.958000 0.168000 0.080000
1 0.851000 0.171000 0.094000 0.062000