1 0.941000 0.166000 0.070000 0.064000
1 0.259000 0.913000 0.094000 0.094000
1 0.615000 0.095000 0.078000 0.082000
1 0.089000 0.653000 0.086000 0.070000
1 0.429000 0.600000 0.062000 0.064000
1 0.363000 0.832000 0.046000 0.056000
1 0.682000 0.025000 0.072000 0.050000
1 0.304000 0.518000 0.060000 0.072000
1 0.882000 0.309000 0.080000 0.078000
1 0.720000 0.564000 0.104000 0.096000
1 0.440000 0.304000 0.064000 0.072000
1 0.495000 0.251000 0.094000 0.090000
1 0.520000 0.071000 0.120000 0.106000
1 0.079000 0.873000 0.078000 0.062000
1 0.058000 0.313000 0.080000 0.110000
1 0.443000 0.720000 0.082000 0.092000
1 0.353000 0.108000 0.118000 0.128000
1 0.497000 0.906000 0.094000 0.088000
1 0.055000 0.523000 0.078000 0.070000
1 0.073000 0.934000 0.074000 0.068000
1 0.042000 0.428000 0.084000 0.108000
1 0.956000 0.402000 0.064000 0.084000
1 0.786000 0.358000 0.088000 0.120000
1 0.246000 0.545000 0.080000 0.094000
1 0.504000 0.648000 0.072000 0.072000
1 0.554000 0.611000 0.084000 0.074000
1 0.819000 0.164000 0.074000 0.076000
1 0.095000 0.565000 0.078000 0.082000
1 0.126000 0.468000 0.100000 0.076000
1 0.740000 0.227000 0.108000 0.102000
1 0.683000 0.636000 0.078000 0.088000
1 0.347000 0.241000 0.058000 0.050000
1 0.868000 0.561000 0.064000 0.054000
1 0.683000 0.246000 0.054000 0.076000
1 0.284000 0.283000 0.064000 0.066000
1 0.964000 0.507000 0.068000 0.058000