1 0.738500 0.702500 0.041000 0.057000
1 0.710000 0.842000 0.050000 0.062000
1 0.923500 0.850500 0.059000 0.053000
1 0.714000 0.905500 0.042000 0.045000
1 0.410500 0.901500 0.063000 0.037000
1 0.394500 0.974500 0.055000 0.049000
2 0.747000 0.494000 0.062000 0.072000
1 0.712000 0.778000 0.064000 0.064000
1 0.624500 0.140500 0.037000 0.063000
2 0.818500 0.081500 0.049000 0.053000
1 0.908500 0.927000 0.041000 0.032000
1 0.749000 0.258000 0.028000 0.046000
1 0.588000 0.989000 0.088000 0.020000
1 0.518500 0.911500 0.051000 0.029000
1 0.794500 0.223000 0.027000 0.016000
1 0.846500 0.781500 0.047000 0.053000