1 0.287000 0.043000 0.062000 0.054000
1 0.955500 0.563000 0.077000 0.046000
1 0.379500 0.316000 0.063000 0.040000
1 0.192500 0.389000 0.045000 0.046000
1 0.433500 0.705500 0.057000 0.049000
2 0.030500 0.956500 0.035000 0.051000
1 0.103000 0.569500 0.084000 0.053000
1 0.861500 0.550000 0.071000 0.044000
1 0.572000 0.145500 0.088000 0.071000
1 0.055000 0.012000 0.054000 0.024000
1 0.892500 0.201500 0.035000 0.087000
1 0.669000 0.314500 0.056000 0.029000
1 0.488000 0.570000 0.062000 0.040000
1 0.730500 0.519000 0.067000 0.076000
1 0.367000 0.529000 0.058000 0.040000
1 0.485500 0.216000 0.083000 0.068000
1 0.323500 0.199500 0.039000 0.055000
1 0.702000 0.375500 0.042000 0.037000
1 0.176000 0.320000 0.028000 0.054000
1 0.676000 0.138000 0.084000 0.096000
1 0.844500 0.226500 0.061000 0.041000
1 0.367500 0.724500 0.041000 0.031000
1 0.316000 0.844500 0.082000 0.047000
1 0.401500 0.567500 0.041000 0.057000
1 0.095500 0.450000 0.069000 0.054000
1 0.333500 0.900000 0.047000 0.036000
1 0.049000 0.084500 0.062000 0.049000
1 0.341000 0.440000 0.046000 0.064000
1 0.981500 0.300500 0.035000 0.053000
1 0.142500 0.060500 0.063000 0.035000
1 0.786000 0.357500 0.048000 0.037000
1 0.184500 0.710000 0.041000 0.058000
1 0.804500 0.471500 0.055000 0.051000
1 0.168500 0.969500 0.069000 0.059000
1 0.669500 0.680000 0.057000 0.046000
1 0.144500 0.023000 0.057000 0.030000
1 0.468000 0.403000 0.046000 0.042000
1 0.219000 0.874000 0.054000 0.042000
1 0.855000 0.171500 0.068000 0.067000
1 0.510500 0.011000 0.059000 0.022000
1 0.560500 0.743500 0.061000 0.031000
1 0.831500 0.256500 0.055000 0.047000
1 0.689000 0.205000 0.070000 0.034000
1 0.195500 0.266000 0.057000 0.046000
1 0.385000 0.442500 0.060000 0.053000
1 0.132000 0.638000 0.096000 0.076000
1 0.262500 0.758000 0.037000 0.056000
1 0.338000 0.381500 0.066000 0.053000
1 0.302500 0.748500 0.065000 0.055000
1 0.252500 0.584000 0.085000 0.102000
1 0.554000 0.791500 0.046000 0.047000
1 0.764000 0.126500 0.048000 0.083000
1 0.402000 0.383500 0.044000 0.043000
1 0.653000 0.244000 0.036000 0.056000
2 0.106500 0.828000 0.027000 0.040000
1 0.262000 0.667000 0.070000 0.078000
1 0.296500 0.537000 0.079000 0.048000
1 0.889500 0.463000 0.047000 0.042000
1 0.431000 0.356500 0.032000 0.063000
1 0.248000 0.396500 0.072000 0.053000
1 0.755500 0.638000 0.079000 0.056000
1 0.863000 0.624500 0.076000 0.045000
1 0.879000 0.331000 0.060000 0.044000
1 0.559500 0.422000 0.073000 0.056000
1 0.561000 0.547000 0.086000 0.094000
1 0.162500 0.776500 0.075000 0.059000
1 0.665500 0.488000 0.031000 0.044000
2 0.062500 0.846500 0.059000 0.027000
1 0.020000 0.462000 0.032000 0.042000
1 0.592000 0.229500 0.058000 0.047000
1 0.780000 0.734000 0.110000 0.090000
1 0.595500 0.779000 0.055000 0.062000
1 0.442000 0.017500 0.052000 0.035000
2 0.087500 0.907500 0.055000 0.053000
1 0.913000 0.063000 0.054000 0.034000
1 0.952000 0.644500 0.068000 0.053000
1 0.367500 0.186000 0.049000 0.048000
1 0.365000 0.226000 0.058000 0.034000
1 0.360000 0.036000 0.056000 0.050000
1 0.226000 0.947000 0.066000 0.062000
1 0.131500 0.099000 0.043000 0.032000
1 0.683000 0.744500 0.054000 0.059000
1 0.323500 0.275500 0.057000 0.043000
1 0.628500 0.404500 0.055000 0.037000
1 0.637500 0.529000 0.055000 0.046000
1 0.754500 0.283500 0.049000 0.043000
2 0.222500 0.208000 0.037000 0.042000