1 0.355500 0.371500 0.063000 0.053000
1 0.184500 0.283000 0.067000 0.042000
1 0.175500 0.366000 0.057000 0.046000
1 0.113500 0.334500 0.063000 0.053000
1 0.766000 0.749500 0.050000 0.071000
1 0.313500 0.465500 0.057000 0.043000
1 0.174500 0.629500 0.055000 0.041000
1 0.041000 0.649000 0.046000 0.042000
1 0.398000 0.717000 0.066000 0.046000
1 0.052000 0.597500 0.050000 0.045000
1 0.445000 0.633000 0.058000 0.050000
1 0.929000 0.563500 0.034000 0.031000
1 0.206500 0.185500 0.065000 0.075000
1 0.196500 0.461000 0.057000 0.048000
1 0.158500 0.533000 0.051000 0.040000
1 0.491500 0.707000 0.085000 0.056000
1 0.202000 0.602000 0.004000 0.008000
1 0.029500 0.497000 0.059000 0.046000
1 0.127500 0.622000 0.043000 0.062000
1 0.462000 0.763500 0.062000 0.043000
1 0.975500 0.804500 0.047000 0.029000
1 0.036000 0.800000 0.056000 0.040000