1 0.846000 0.397000 0.068000 0.070000
1 0.753000 0.156000 0.050000 0.060000
1 0.436000 0.019000 0.048000 0.038000
1 0.626000 0.071000 0.084000 0.058000
0 0.375000 0.164000 0.094000 0.064000
1 0.488000 0.078000 0.056000 0.060000
1 0.406000 0.298000 0.064000 0.056000
1 0.527000 0.036000 0.054000 0.048000
1 0.634000 0.124000 0.080000 0.068000
1 0.935000 0.432000 0.046000 0.036000
1 0.630000 0.391000 0.072000 0.046000
1 0.734000 0.450000 0.064000 0.048000
0 0.410000 0.635000 0.052000 0.046000
1 0.863000 0.256000 0.046000 0.080000
1 0.478000 0.257000 0.052000 0.082000