1 0.932500 0.509500 0.041000 0.033000
1 0.445000 0.589500 0.046000 0.041000
2 0.949500 0.863000 0.035000 0.020000
1 0.066500 0.943500 0.049000 0.033000
1 0.684000 0.429500 0.038000 0.031000
1 0.336000 0.703500 0.048000 0.049000
1 0.875500 0.257500 0.039000 0.033000
1 0.745500 0.273000 0.035000 0.024000
2 0.739500 0.060500 0.035000 0.027000
1 0.358000 0.085000 0.048000 0.036000
1 0.885000 0.167000 0.046000 0.014000
1 0.436000 0.097000 0.062000 0.054000
1 0.466500 0.187000 0.045000 0.048000
1 0.171500 0.599500 0.055000 0.079000
2 0.635500 0.914000 0.035000 0.022000
1 0.975500 0.349500 0.047000 0.043000
1 0.507500 0.111000 0.061000 0.048000
1 0.938000 0.903500 0.046000 0.033000
1 0.072500 0.019500 0.061000 0.037000
1 0.333500 0.745500 0.037000 0.013000
1 0.172500 0.497000 0.063000 0.074000
1 0.190000 0.962000 0.058000 0.046000
1 0.172500 0.036500 0.053000 0.043000
1 0.344000 0.178000 0.048000 0.052000
1 0.790000 0.127000 0.034000 0.024000
1 0.451500 0.714000 0.047000 0.070000
1 0.110500 0.310500 0.059000 0.043000
1 0.893500 0.033500 0.047000 0.037000
1 0.463500 0.253000 0.029000 0.052000
2 0.797500 0.451000 0.041000 0.022000
1 0.463000 0.374000 0.046000 0.054000
1 0.455000 0.476000 0.048000 0.056000