1 0.319000 0.136000 0.050000 0.056000
1 0.451000 0.315000 0.090000 0.090000
1 0.466000 0.040000 0.076000 0.080000
1 0.474000 0.153000 0.072000 0.062000
1 0.215000 0.323000 0.098000 0.090000
1 0.567000 0.257000 0.074000 0.062000
2 0.533000 0.502000 0.054000 0.036000
1 0.524000 0.101000 0.060000 0.062000
1 0.364000 0.095000 0.084000 0.090000
2 0.337000 0.376000 0.070000 0.068000
1 0.414000 0.189000 0.084000 0.074000
1 0.312000 0.549000 0.060000 0.078000
1 0.137000 0.356000 0.090000 0.088000
1 0.544000 0.163000 0.056000 0.058000
1 0.092000 0.497000 0.100000 0.086000
1 0.568000 0.206000 0.056000 0.036000
1 0.289000 0.264000 0.086000 0.080000