1 0.498000 0.339000 0.064000 0.026000
1 0.010000 0.746000 0.020000 0.040000
1 0.432000 0.022000 0.052000 0.044000
1 0.216000 0.436000 0.076000 0.112000
1 0.255000 0.307000 0.070000 0.070000
1 0.512000 0.562000 0.084000 0.076000
1 0.495000 0.291000 0.062000 0.054000
1 0.665000 0.414000 0.090000 0.076000
1 0.691000 0.721000 0.074000 0.050000
1 0.100000 0.912000 0.052000 0.048000
2 0.307000 0.160000 0.054000 0.060000
1 0.359000 0.577000 0.078000 0.074000
1 0.416000 0.976000 0.068000 0.044000
1 0.212000 0.030000 0.056000 0.060000
1 0.321000 0.019000 0.070000 0.038000
1 0.659000 0.356000 0.058000 0.032000