1 0.557000 0.593000 0.070000 0.074000
1 0.275000 0.381000 0.074000 0.066000
1 0.670000 0.776000 0.072000 0.072000
1 0.114000 0.176000 0.064000 0.060000
1 0.472000 0.730000 0.076000 0.092000
1 0.203000 0.494000 0.066000 0.080000
1 0.022000 0.202000 0.044000 0.084000
1 0.469000 0.568000 0.058000 0.040000
1 0.046000 0.501000 0.080000 0.066000
1 0.386000 0.349000 0.060000 0.062000
1 0.544000 0.021000 0.068000 0.042000
1 0.655000 0.853000 0.070000 0.086000
1 0.033000 0.695000 0.066000 0.066000
1 0.437000 0.173000 0.090000 0.094000
1 0.209000 0.559000 0.050000 0.058000
1 0.379000 0.570000 0.058000 0.056000
1 0.964000 0.382000 0.068000 0.056000
1 0.214000 0.150000 0.064000 0.044000
1 0.828000 0.408000 0.048000 0.048000
1 0.734000 0.076000 0.048000 0.052000
1 0.488000 0.301000 0.116000 0.106000
1 0.790000 0.096000 0.064000 0.060000
1 0.116000 0.266000 0.128000 0.080000
1 0.747000 0.342000 0.078000 0.088000
1 0.876000 0.171000 0.092000 0.066000
1 0.716000 0.955000 0.040000 0.066000
1 0.510000 0.126000 0.052000 0.056000
1 0.271000 0.018000 0.058000 0.036000
1 0.151000 0.862000 0.078000 0.080000
1 0.712000 0.865000 0.052000 0.054000
1 0.451000 0.844000 0.054000 0.060000
1 0.467000 0.444000 0.054000 0.048000
1 0.658000 0.049000 0.076000 0.050000
1 0.553000 0.699000 0.046000 0.046000
1 0.244000 0.224000 0.068000 0.068000
1 0.266000 0.282000 0.064000 0.060000
1 0.316000 0.582000 0.068000 0.056000
1 0.153000 0.568000 0.054000 0.068000
1 0.096000 0.565000 0.080000 0.098000
1 0.339000 0.268000 0.074000 0.064000
1 0.443000 0.915000 0.062000 0.066000
1 0.550000 0.358000 0.080000 0.048000
1 0.200000 0.026000 0.060000 0.052000
1 0.329000 0.480000 0.078000 0.080000
1 0.858000 0.620000 0.056000 0.108000
1 0.261000 0.664000 0.110000 0.140000
1 0.617000 0.960000 0.046000 0.044000
1 0.216000 0.093000 0.072000 0.058000
1 0.708000 0.725000 0.088000 0.074000
1 0.595000 0.504000 0.078000 0.068000
1 0.403000 0.451000 0.062000 0.050000
1 0.157000 0.358000 0.082000 0.088000
1 0.032000 0.882000 0.064000 0.068000
1 0.769000 0.506000 0.034000 0.044000
1 0.782000 0.476000 0.032000 0.040000
1 0.720000 0.647000 0.048000 0.042000
1 0.753000 0.555000 0.054000 0.054000