2 0.105000 0.335500 0.178000 0.139000
2 0.371500 0.862000 0.147000 0.140000
2 0.224000 0.938000 0.150000 0.122000
1 0.728000 0.579000 0.200000 0.200000
2 0.198000 0.773500 0.130000 0.121000
2 0.482000 0.952500 0.184000 0.093000
2 0.658500 0.202000 0.133000 0.126000
2 0.927000 0.357500 0.144000 0.197000
2 0.440500 0.102000 0.133000 0.110000
1 0.307500 0.362500 0.153000 0.155000
1 0.879500 0.802500 0.213000 0.225000
2 0.456500 0.358000 0.141000 0.132000
2 0.587000 0.362500 0.120000 0.117000
2 0.679000 0.423000 0.118000 0.106000
2 0.032000 0.719000 0.064000 0.166000
2 0.204500 0.195500 0.151000 0.145000
2 0.790500 0.244500 0.123000 0.127000