1 0.366500 0.779500 0.073000 0.067000
1 0.259500 0.687000 0.039000 0.048000
1 0.589000 0.979000 0.048000 0.040000
1 0.158000 0.922500 0.042000 0.043000
1 0.975000 0.732000 0.048000 0.054000
1 0.724000 0.413000 0.050000 0.052000
1 0.679000 0.675000 0.068000 0.050000
1 0.059500 0.667500 0.075000 0.071000
1 0.073000 0.056000 0.066000 0.086000
2 0.846000 0.371500 0.032000 0.057000
1 0.930000 0.837500 0.052000 0.055000
1 0.203500 0.874500 0.073000 0.077000
2 0.821500 0.742000 0.027000 0.052000
1 0.275500 0.978000 0.077000 0.042000
1 0.104000 0.796500 0.060000 0.069000