1 0.580000 0.599000 0.084000 0.078000
1 0.612000 0.755000 0.052000 0.062000
1 0.325000 0.251000 0.078000 0.070000
1 0.418000 0.712000 0.068000 0.056000
1 0.015000 0.097000 0.030000 0.062000
1 0.511000 0.466000 0.050000 0.048000
1 0.349000 0.504000 0.062000 0.060000
1 0.467000 0.492000 0.066000 0.076000
1 0.263000 0.160000 0.070000 0.060000
1 0.154000 0.950000 0.080000 0.096000
1 0.483000 0.569000 0.070000 0.054000
1 0.196000 0.446000 0.072000 0.052000
1 0.204000 0.520000 0.060000 0.052000
1 0.018000 0.727000 0.036000 0.078000
1 0.669000 0.618000 0.038000 0.060000
2 0.396000 0.332000 0.040000 0.040000
1 0.209000 0.811000 0.062000 0.054000
1 0.339000 0.128000 0.094000 0.072000
1 0.466000 0.341000 0.068000 0.058000
1 0.099000 0.024000 0.054000 0.048000
1 0.412000 0.842000 0.072000 0.060000
1 0.570000 0.509000 0.108000 0.086000
1 0.296000 0.704000 0.064000 0.060000
1 0.400000 0.490000 0.072000 0.076000
1 0.517000 0.934000 0.066000 0.056000
1 0.298000 0.945000 0.100000 0.106000
1 0.787000 0.982000 0.074000 0.032000
1 0.851000 0.784000 0.094000 0.072000
1 0.493000 0.689000 0.058000 0.042000
1 0.155000 0.326000 0.062000 0.060000
1 0.688000 0.974000 0.076000 0.048000
1 0.622000 0.657000 0.048000 0.038000
1 0.742000 0.790000 0.040000 0.044000
1 0.150000 0.547000 0.064000 0.090000
1 0.656000 0.866000 0.052000 0.056000
1 0.106000 0.713000 0.092000 0.054000
1 0.208000 0.281000 0.084000 0.070000
1 0.347000 0.701000 0.058000 0.078000
1 0.702000 0.718000 0.064000 0.048000
1 0.760000 0.865000 0.060000 0.054000
2 0.614000 0.046000 0.064000 0.048000
1 0.030000 0.018000 0.060000 0.036000
1 0.085000 0.920000 0.066000 0.068000
2 0.316000 0.356000 0.056000 0.052000
1 0.860000 0.015000 0.060000 0.030000
1 0.397000 0.969000 0.058000 0.058000
1 0.105000 0.585000 0.078000 0.066000
1 0.541000 0.751000 0.058000 0.054000
1 0.025000 0.458000 0.050000 0.048000