1 0.956000 0.909000 0.084000 0.058000
1 0.404000 0.824000 0.056000 0.060000
1 0.865000 0.445000 0.086000 0.090000
1 0.529000 0.026000 0.102000 0.052000
1 0.576000 0.854000 0.060000 0.052000
1 0.637000 0.900000 0.074000 0.104000
1 0.697000 0.709000 0.090000 0.066000
1 0.462000 0.315000 0.132000 0.122000
1 0.914000 0.638000 0.064000 0.052000
1 0.528000 0.267000 0.096000 0.094000
1 0.841000 0.148000 0.070000 0.076000
1 0.256000 0.096000 0.080000 0.060000
1 0.326000 0.856000 0.076000 0.068000
1 0.523000 0.617000 0.094000 0.078000
1 0.813000 0.549000 0.066000 0.078000