1 0.603000 0.751000 0.102000 0.078000
1 0.505000 0.207000 0.146000 0.090000
1 0.611000 0.377000 0.130000 0.062000
1 0.761000 0.694000 0.122000 0.120000
1 0.565000 0.355000 0.026000 0.002000
1 0.350000 0.415000 0.076000 0.098000
1 0.244000 0.424000 0.100000 0.064000
1 0.582000 0.692000 0.116000 0.064000
1 0.337000 0.611000 0.166000 0.110000
1 0.223000 0.322000 0.166000 0.112000
1 0.923000 0.260000 0.130000 0.092000
1 0.896000 0.110000 0.188000 0.196000
1 0.674000 0.308000 0.080000 0.152000
1 0.487000 0.525000 0.074000 0.090000