1 0.447500 0.680000 0.039000 0.050000
2 0.817000 0.458000 0.038000 0.038000
1 0.782500 0.727500 0.051000 0.045000
1 0.074500 0.104000 0.051000 0.054000
1 0.193000 0.862000 0.034000 0.042000
1 0.233000 0.101000 0.044000 0.044000
1 0.427500 0.587000 0.061000 0.062000
1 0.637500 0.743500 0.045000 0.051000
1 0.252500 0.153500 0.055000 0.055000
1 0.553500 0.815000 0.049000 0.064000
1 0.863500 0.659500 0.025000 0.059000
2 0.530000 0.899000 0.036000 0.042000
1 0.219500 0.596000 0.045000 0.062000
1 0.739000 0.731000 0.054000 0.064000
1 0.314500 0.885000 0.035000 0.052000
1 0.420000 0.414000 0.070000 0.068000
1 0.132500 0.851000 0.039000 0.044000
1 0.342000 0.231500 0.044000 0.049000