1 0.118500 0.844000 0.043000 0.052000
1 0.179000 0.503000 0.054000 0.058000
1 0.121000 0.278500 0.074000 0.105000
1 0.046500 0.682500 0.049000 0.065000
1 0.045500 0.368500 0.055000 0.057000
1 0.205500 0.885000 0.053000 0.044000
1 0.201000 0.311000 0.050000 0.056000
1 0.240000 0.913500 0.048000 0.039000
1 0.242500 0.725000 0.073000 0.046000
1 0.620500 0.946500 0.111000 0.105000
1 0.154000 0.731000 0.062000 0.038000
1 0.228000 0.797000 0.062000 0.072000
1 0.387500 0.239000 0.037000 0.050000
1 0.065000 0.823000 0.046000 0.046000
1 0.407500 0.275000 0.055000 0.042000
1 0.365000 0.556000 0.074000 0.078000
1 0.087000 0.497000 0.072000 0.070000
1 0.187500 0.074500 0.089000 0.059000
1 0.253500 0.207000 0.069000 0.078000
1 0.340500 0.921000 0.039000 0.050000
1 0.401500 0.032000 0.081000 0.046000
1 0.075500 0.750500 0.049000 0.063000
1 0.263000 0.052500 0.050000 0.059000
1 0.272000 0.492000 0.072000 0.074000
1 0.292500 0.930000 0.039000 0.050000
1 0.146000 0.366000 0.098000 0.054000
1 0.168500 0.861000 0.043000 0.048000
1 0.604000 0.790000 0.078000 0.076000