1 0.653000 0.448000 0.082000 0.068000
1 0.630000 0.717000 0.076000 0.086000
1 0.798000 0.401000 0.052000 0.054000
1 0.952000 0.805000 0.056000 0.082000
1 0.758000 0.249000 0.104000 0.090000
1 0.335000 0.044000 0.098000 0.080000
1 0.150000 0.026000 0.108000 0.052000
1 0.686000 0.962000 0.096000 0.072000
1 0.367000 0.719000 0.110000 0.094000
1 0.883000 0.302000 0.062000 0.060000
1 0.759000 0.886000 0.062000 0.064000
1 0.418000 0.967000 0.136000 0.062000
1 0.872000 0.612000 0.064000 0.064000
1 0.084000 0.086000 0.092000 0.092000
1 0.637000 0.158000 0.078000 0.076000
1 0.226000 0.632000 0.064000 0.072000
1 0.462000 0.810000 0.076000 0.072000
1 0.090000 0.305000 0.120000 0.106000
1 0.143000 0.372000 0.090000 0.084000
1 0.804000 0.064000 0.100000 0.116000
1 0.182000 0.176000 0.100000 0.088000
1 0.267000 0.714000 0.054000 0.048000
1 0.596000 0.906000 0.084000 0.072000
1 0.957000 0.729000 0.050000 0.070000
1 0.856000 0.877000 0.064000 0.082000
1 0.519000 0.384000 0.082000 0.076000
1 0.851000 0.960000 0.102000 0.076000
1 0.365000 0.899000 0.110000 0.122000
1 0.986000 0.805000 0.024000 0.066000
1 0.970000 0.451000 0.056000 0.106000
1 0.485000 0.251000 0.114000 0.094000
1 0.200000 0.781000 0.060000 0.046000
1 0.558000 0.559000 0.080000 0.070000
1 0.320000 0.177000 0.100000 0.078000
1 0.424000 0.433000 0.080000 0.074000
1 0.258000 0.231000 0.064000 0.054000