1 0.673000 0.543000 0.074000 0.070000
1 0.312000 0.970000 0.080000 0.056000
1 0.201000 0.780000 0.066000 0.060000
2 0.869000 0.772000 0.066000 0.052000
1 0.053000 0.787000 0.070000 0.070000
1 0.090000 0.525000 0.068000 0.074000
1 0.319000 0.382000 0.066000 0.056000
2 0.721000 0.599000 0.082000 0.082000
2 0.821000 0.583000 0.090000 0.090000
1 0.706000 0.039000 0.068000 0.078000
1 0.604000 0.963000 0.056000 0.062000
1 0.841000 0.814000 0.066000 0.084000
2 0.625000 0.645000 0.038000 0.046000
1 0.344000 0.281000 0.088000 0.090000
1 0.925000 0.079000 0.082000 0.098000
1 0.791000 0.787000 0.062000 0.074000
2 0.691000 0.660000 0.054000 0.076000
1 0.514000 0.286000 0.084000 0.096000
1 0.830000 0.305000 0.072000 0.082000
1 0.578000 0.836000 0.068000 0.060000
1 0.367000 0.668000 0.062000 0.056000
1 0.454000 0.637000 0.096000 0.078000
1 0.601000 0.694000 0.122000 0.056000
1 0.031000 0.244000 0.054000 0.076000
1 0.329000 0.535000 0.070000 0.082000
1 0.578000 0.893000 0.052000 0.058000
1 0.731000 0.740000 0.066000 0.088000
2 0.424000 0.737000 0.080000 0.074000
1 0.914000 0.835000 0.080000 0.098000
1 0.426000 0.354000 0.072000 0.080000
1 0.512000 0.372000 0.080000 0.072000
1 0.886000 0.918000 0.092000 0.084000
1 0.386000 0.580000 0.060000 0.060000
1 0.187000 0.915000 0.066000 0.062000
1 0.239000 0.950000 0.078000 0.064000
1 0.487000 0.535000 0.098000 0.078000
1 0.682000 0.621000 0.020000 0.006000
1 0.170000 0.480000 0.072000 0.068000
1 0.244000 0.482000 0.064000 0.068000
1 0.824000 0.458000 0.068000 0.076000
2 0.358000 0.725000 0.048000 0.046000
2 0.586000 0.565000 0.056000 0.054000
1 0.265000 0.742000 0.078000 0.076000
1 0.583000 0.182000 0.102000 0.084000
1 0.039000 0.503000 0.034000 0.074000
1 0.130000 0.164000 0.100000 0.096000
1 0.048000 0.427000 0.052000 0.078000
1 0.694000 0.816000 0.088000 0.064000
1 0.716000 0.200000 0.072000 0.084000
1 0.046000 0.087000 0.064000 0.082000
1 0.587000 0.761000 0.074000 0.070000
1 0.285000 0.201000 0.050000 0.058000
1 0.880000 0.664000 0.088000 0.076000
1 0.925000 0.313000 0.086000 0.082000
1 0.726000 0.947000 0.088000 0.070000
1 0.854000 0.211000 0.068000 0.066000
1 0.756000 0.430000 0.088000 0.076000