1 0.195000 0.127000 0.040000 0.046000
1 0.338000 0.631000 0.048000 0.056000
1 0.383000 0.791000 0.060000 0.050000
1 0.321500 0.913500 0.047000 0.039000
1 0.905500 0.833000 0.067000 0.036000
1 0.647000 0.028500 0.040000 0.045000
1 0.434500 0.869500 0.033000 0.041000
1 0.933500 0.370500 0.037000 0.033000
1 0.185500 0.641000 0.047000 0.070000
1 0.588500 0.721000 0.037000 0.060000
1 0.206500 0.093000 0.047000 0.032000
1 0.193500 0.198000 0.041000 0.052000
1 0.216000 0.059500 0.022000 0.035000
1 0.646500 0.826500 0.049000 0.049000
1 0.772500 0.874500 0.017000 0.031000
1 0.602500 0.270500 0.059000 0.061000
1 0.272000 0.066000 0.056000 0.044000
1 0.651500 0.687000 0.037000 0.050000
1 0.423000 0.612500 0.088000 0.105000
1 0.490500 0.573000 0.033000 0.066000
1 0.186500 0.759500 0.069000 0.071000
1 0.206000 0.937500 0.076000 0.041000
1 0.274500 0.732500 0.051000 0.043000
1 0.475500 0.430000 0.057000 0.048000
1 0.734500 0.507000 0.025000 0.042000
1 0.665000 0.381500 0.028000 0.041000
1 0.582000 0.813000 0.058000 0.052000
1 0.907500 0.474500 0.063000 0.073000
1 0.384500 0.831500 0.035000 0.019000
1 0.468000 0.791000 0.074000 0.082000
1 0.292500 0.419000 0.031000 0.042000
1 0.716500 0.746000 0.041000 0.048000
1 0.919000 0.292500 0.094000 0.051000
1 0.437500 0.938000 0.073000 0.050000
1 0.103500 0.491500 0.047000 0.061000
1 0.280000 0.822500 0.072000 0.075000
1 0.509000 0.393000 0.108000 0.082000
1 0.591500 0.923000 0.043000 0.052000
1 0.664500 0.765000 0.043000 0.050000
1 0.817500 0.628000 0.041000 0.058000
1 0.868000 0.451000 0.036000 0.044000
1 0.954500 0.523500 0.089000 0.087000
1 0.736000 0.273500 0.062000 0.049000
1 0.460500 0.075500 0.061000 0.057000
1 0.642500 0.101500 0.033000 0.043000
1 0.552500 0.626500 0.077000 0.071000
1 0.190000 0.901000 0.048000 0.020000
1 0.652500 0.895500 0.039000 0.025000
1 0.928000 0.650500 0.054000 0.045000
1 0.816500 0.775000 0.033000 0.066000
1 0.813000 0.432500 0.060000 0.049000
1 0.668000 0.591000 0.050000 0.084000
1 0.536000 0.941000 0.054000 0.062000
1 0.277000 0.333000 0.050000 0.046000
1 0.843500 0.254000 0.053000 0.068000
1 0.360000 0.249000 0.052000 0.050000
1 0.753500 0.824500 0.051000 0.041000
1 0.513000 0.255500 0.038000 0.051000
1 0.871000 0.356500 0.074000 0.047000
1 0.836500 0.831000 0.059000 0.028000
1 0.641000 0.282000 0.048000 0.076000
1 0.871000 0.761000 0.070000 0.042000