1 0.131000 0.176000 0.048000 0.054000
1 0.590500 0.145500 0.063000 0.045000
1 0.572000 0.938500 0.054000 0.063000
1 0.638000 0.546000 0.048000 0.044000
1 0.963000 0.191500 0.070000 0.075000
1 0.746000 0.842000 0.066000 0.056000
1 0.486000 0.093000 0.070000 0.056000
1 0.657500 0.943500 0.059000 0.059000
1 0.787500 0.590500 0.057000 0.053000
1 0.169000 0.804000 0.058000 0.058000
1 0.604000 0.610500 0.060000 0.045000
1 0.387500 0.124500 0.055000 0.055000
1 0.724000 0.653000 0.042000 0.050000
1 0.756000 0.265500 0.064000 0.057000
1 0.041500 0.519500 0.043000 0.059000
1 0.676000 0.673000 0.066000 0.052000
1 0.026500 0.623500 0.053000 0.065000
1 0.203500 0.273500 0.063000 0.059000
1 0.207000 0.763500 0.056000 0.043000
1 0.924000 0.501000 0.058000 0.040000
1 0.654000 0.797500 0.068000 0.053000
1 0.796500 0.128500 0.035000 0.055000
1 0.469000 0.173000 0.042000 0.046000
1 0.232000 0.193500 0.044000 0.051000
1 0.969500 0.049500 0.043000 0.065000
1 0.315000 0.530000 0.058000 0.042000
1 0.187000 0.432000 0.042000 0.060000
1 0.900000 0.975000 0.048000 0.048000
1 0.915500 0.566500 0.035000 0.051000
1 0.121000 0.262000 0.040000 0.064000
1 0.458500 0.441000 0.051000 0.038000
1 0.653000 0.852500 0.046000 0.047000
1 0.209000 0.707000 0.046000 0.052000
1 0.535500 0.466000 0.049000 0.060000
1 0.310500 0.260000 0.083000 0.090000
1 0.599500 0.099000 0.063000 0.048000
1 0.856500 0.736000 0.079000 0.050000
1 0.819500 0.213500 0.043000 0.065000
1 0.850000 0.140000 0.050000 0.076000
1 0.856500 0.025000 0.085000 0.050000
1 0.191000 0.110500 0.066000 0.053000
1 0.643500 0.224500 0.049000 0.051000
1 0.661500 0.588000 0.053000 0.034000
1 0.572500 0.317500 0.077000 0.073000
1 0.382500 0.307500 0.069000 0.073000
1 0.605000 0.665500 0.066000 0.073000
1 0.045000 0.721000 0.052000 0.060000
1 0.454000 0.362000 0.046000 0.062000
1 0.810000 0.425500 0.042000 0.039000
1 0.746500 0.787500 0.051000 0.029000
1 0.790000 0.196000 0.042000 0.054000
1 0.156500 0.524500 0.049000 0.053000
1 0.930000 0.664500 0.078000 0.041000
1 0.741500 0.368500 0.049000 0.033000
1 0.135000 0.635000 0.044000 0.032000
1 0.313500 0.094000 0.083000 0.058000
1 0.393000 0.509000 0.068000 0.054000
1 0.951000 0.630500 0.032000 0.041000