1 0.674500 0.060000 0.073000 0.056000
1 0.267500 0.111000 0.047000 0.040000
1 0.552500 0.261000 0.141000 0.040000
1 0.135500 0.565500 0.035000 0.039000
1 0.407000 0.467500 0.052000 0.055000
1 0.592000 0.807000 0.034000 0.048000
1 0.711000 0.365500 0.058000 0.087000
1 0.746500 0.223500 0.051000 0.049000
1 0.788500 0.341500 0.043000 0.043000
1 0.137500 0.135000 0.055000 0.050000
1 0.749500 0.056500 0.057000 0.055000
1 0.317000 0.517500 0.044000 0.047000
1 0.516500 0.041500 0.057000 0.067000
1 0.704500 0.738500 0.057000 0.049000
1 0.609000 0.760500 0.028000 0.035000
1 0.824000 0.476000 0.040000 0.040000
1 0.045000 0.653000 0.048000 0.056000
1 0.878000 0.435500 0.074000 0.043000