1 0.605500 0.766500 0.063000 0.055000
1 0.648000 0.612000 0.046000 0.038000
1 0.025500 0.811000 0.051000 0.060000
1 0.234000 0.833500 0.054000 0.069000
1 0.436000 0.057000 0.050000 0.034000
1 0.237000 0.474000 0.072000 0.096000
1 0.106500 0.429500 0.065000 0.071000
1 0.515500 0.801000 0.059000 0.054000
1 0.566000 0.625500 0.052000 0.059000
1 0.386500 0.400000 0.049000 0.042000
1 0.479500 0.538500 0.055000 0.057000
1 0.987000 0.716500 0.024000 0.031000
1 0.488500 0.944000 0.055000 0.050000
1 0.052000 0.687000 0.064000 0.078000
1 0.161500 0.507500 0.061000 0.045000
1 0.343500 0.033000 0.121000 0.066000
1 0.419500 0.679500 0.059000 0.055000
1 0.323000 0.623500 0.058000 0.067000
1 0.925500 0.978000 0.039000 0.034000
1 0.284500 0.743500 0.067000 0.069000
1 0.556500 0.734500 0.055000 0.055000
1 0.320500 0.901500 0.071000 0.057000
1 0.448500 0.654000 0.059000 0.060000
1 0.787000 0.779500 0.076000 0.051000
1 0.035500 0.431000 0.057000 0.084000
1 0.554000 0.579000 0.038000 0.040000
1 0.651000 0.283000 0.066000 0.058000
1 0.625000 0.985500 0.064000 0.027000
1 0.620500 0.381000 0.079000 0.086000
1 0.678000 0.422000 0.086000 0.096000
1 0.144500 0.800500 0.057000 0.055000
1 0.495000 0.510500 0.054000 0.051000
1 0.865000 0.789500 0.048000 0.025000
1 0.967500 0.940500 0.031000 0.057000
1 0.385500 0.505500 0.039000 0.043000
1 0.465000 0.732000 0.060000 0.056000
1 0.565000 0.865500 0.040000 0.065000
1 0.103000 0.941500 0.074000 0.055000
1 0.481000 0.264000 0.078000 0.106000
1 0.054500 0.976500 0.043000 0.041000
1 0.321000 0.571000 0.036000 0.034000
1 0.699500 0.694500 0.049000 0.071000
1 0.855000 0.945000 0.044000 0.068000
1 0.504500 0.089500 0.067000 0.055000
1 0.175500 0.449500 0.063000 0.069000
1 0.952000 0.794000 0.054000 0.028000
1 0.708500 0.633500 0.053000 0.041000
1 0.076000 0.136500 0.068000 0.049000
1 0.575500 0.816000 0.037000 0.036000
1 0.087500 0.105000 0.067000 0.052000
1 0.278500 0.976000 0.055000 0.046000
1 0.346500 0.755000 0.075000 0.076000
1 0.599000 0.583000 0.034000 0.036000
1 0.904500 0.754500 0.055000 0.051000
1 0.206500 0.680500 0.065000 0.053000
1 0.838000 0.860500 0.050000 0.073000
1 0.737000 0.912500 0.082000 0.119000
1 0.767000 0.374000 0.084000 0.104000
1 0.116000 0.038000 0.084000 0.076000
1 0.567000 0.925500 0.056000 0.047000
1 0.924000 0.883000 0.044000 0.060000
1 0.121000 0.842500 0.042000 0.045000